(7, 2): 36 6 -> 21
(9, 0): 55 1 -> 28
(10, 2): 66 6 -> 36
(14, 7): 120 36 -> 78
(16, 1): 153 3 -> 78
(22, 10): 276 66 -> 171
(23, 2): 300 6 -> 153
(23, 14): 300 120 -> 210
(24, 9): 325 55 -> 190
(30, 3): 496 10 -> 253
(33, 9): 595 55 -> 325
(34, 23): 630 300 -> 465
(35, 7): 666 36 -> 351
(37, 4): 741 15 -> 378
(38, 22): 780 276 -> 528
(41, 16): 903 153 -> 528
(43, 10): 990 66 -> 528
(44, 5): 1035 21 -> 528
(45, 24): 1081 325 -> 703
(47, 34): 1176 630 -> 903
(50, 2): 1326 6 -> 666
(51, 6): 1378 28 -> 703
(55, 19): 1596 210 -> 903
(56, 16): 1653 153 -> 903
(58, 7): 1770 36 -> 903
(58, 19): 1770 210 -> 990
(58, 23): 1770 300 -> 1035
(58, 38): 1770 780 -> 1275
(60, 0): 1891 1 -> 946
(62, 47): 2016 1176 -> 1596
(65, 8): 2211 45 -> 1128
(67, 2): 2346 6 -> 1176
(69, 33): 2485 595 -> 1540
(72, 9): 2701 55 -> 1378
(72, 45): 2701 1081 -> 1891
(74, 14): 2850 120 -> 1485
(75, 30): 2926 496 -> 1711
(76, 41): 3003 903 -> 1953
(79, 10): 3240 66 -> 1653
(79, 23): 3240 300 -> 1770
(79, 35): 3240 666 -> 1953
(79, 62): 3240 2016 -> 2628
(82, 58): 3486 1770 -> 2628
(86, 11): 3828 78 -> 1953
(92, 37): 4371 741 -> 2556
(93, 12): 4465 91 -> 2278
(94, 43): 4560 990 -> 2775
(95, 7): 4656 36 -> 2346
(98, 79): 4950 3240 -> 4095
(100, 13): 5151 105 -> 2628
(101, 1): 5253 3 -> 2628
(102, 30): 5356 496 -> 2926
(105, 72): 5671 2701 -> 4186
(107, 14): 5886 120 -> 3003
(107, 22): 5886 276 -> 3081
(107, 55): 5886 1596 -> 3741
(107, 58): 5886 1770 -> 3828
(108, 24): 5995 325 -> 3160
(109, 44): 6105 1035 -> 3570
(110, 82): 6216 3486 -> 4851
(114, 15): 6670 136 -> 3403
(115, 58): 6786 1770 -> 4278
(116, 56): 6903 1653 -> 4278
(117, 69): 7021 2485 -> 4753
(119, 98): 7260 4950 -> 6105
(121, 16): 7503 153 -> 3828
(121, 76): 7503 3003 -> 5253
(125, 37): 8001 741 -> 4371
(126, 51): 8128 1378 -> 4753
(127, 23): 8256 300 -> 4278
(128, 17): 8385 171 -> 4278
(130, 35): 8646 666 -> 4656
(132, 33): 8911 595 -> 4753
(134, 50): 9180 1326 -> 5253
(135, 18): 9316 190 -> 4753
(138, 75): 9730 2926 -> 6328
(139, 79): 9870 3240 -> 6555
(142, 2): 10296 6 -> 5151
(142, 19): 10296 210 -> 5253
(142, 110): 10296 6216 -> 8256
(142, 119): 10296 7260 -> 8778
(143, 10): 10440 66 -> 5253
(143, 58): 10440 1770 -> 6105
(144, 105): 10585 5671 -> 8128
(148, 44): 11175 1035 -> 6105
(149, 20): 11325 231 -> 5778
(153, 9): 11935 55 -> 5995
(154, 14): 12090 120 -> 6105
(155, 50): 12246 1326 -> 6786
(156, 21): 12403 253 -> 6328
(160, 65): 13041 2211 -> 7626
(163, 22): 13530 276 -> 6903
(163, 43): 13530 990 -> 7260
(163, 79): 13530 3240 -> 8385
(163, 94): 13530 4560 -> 9045
(167, 142): 14196 10296 -> 12246
(168, 60): 14365 1891 -> 8128
(169, 92): 14535 4371 -> 9453
(170, 23): 14706 300 -> 7503
(170, 74): 14706 2850 -> 8778
(170, 107): 14706 5886 -> 10296
(171, 51): 14878 1378 -> 8128
(175, 107): 15576 5886 -> 10731
(176, 121): 15753 7503 -> 11628
(177, 24): 15931 325 -> 8128
(177, 60): 15931 1891 -> 8911
(177, 72): 15931 2701 -> 9316
(177, 117): 15931 7021 -> 11476
(178, 142): 16110 10296 -> 13203
(181, 41): 16653 903 -> 8778
(182, 67): 16836 2346 -> 9591
(183, 3): 17020 10 -> 8515
(184, 25): 17205 351 -> 8778
(189, 144): 18145 10585 -> 14365
(190, 115): 18336 6786 -> 12561
(191, 26): 18528 378 -> 9453
(194, 34): 19110 630 -> 9870
(194, 58): 19110 1770 -> 10440
(194, 79): 19110 3240 -> 11175
(194, 167): 19110 14196 -> 16653
(196, 116): 19503 6903 -> 13203
(198, 27): 19900 406 -> 10153
(199, 38): 20100 780 -> 10440
(200, 109): 20301 6105 -> 13203
(203, 67): 20910 2346 -> 11628
(204, 9): 21115 55 -> 10585
(205, 28): 21321 435 -> 10878
(210, 102): 22366 5356 -> 13861
(211, 86): 22578 3828 -> 13203
(212, 29): 22791 465 -> 11628
(214, 7): 23220 36 -> 11628
(215, 139): 23436 9870 -> 16653
(217, 65): 23871 2211 -> 13041
(218, 178): 24090 16110 -> 20100
(219, 30): 24310 496 -> 12403
(219, 138): 24310 9730 -> 17020
(221, 56): 24753 1653 -> 13203
(223, 194): 25200 19110 -> 22155
(224, 4): 25425 15 -> 12720
(225, 45): 25651 1081 -> 13366
(226, 31): 25878 528 -> 13203
(227, 23): 26106 300 -> 13203
(228, 93): 26335 4465 -> 15400
(230, 55): 26796 1596 -> 14196
(231, 126): 27028 8128 -> 17578
(233, 32): 27495 561 -> 14028
(238, 58): 28680 1770 -> 15225
(240, 33): 29161 595 -> 14878
(240, 72): 29161 2701 -> 15931
(240, 108): 29161 5995 -> 17578
(240, 189): 29161 18145 -> 23653
(241, 176): 29403 15753 -> 22578
(242, 107): 29646 5886 -> 17766
(245, 100): 30381 5151 -> 17766
(247, 22): 30876 276 -> 15576
(247, 34): 30876 630 -> 15753
(247, 95): 30876 4656 -> 17766
(247, 170): 30876 14706 -> 22791
(249, 177): 31375 15931 -> 23653
(250, 163): 31626 13530 -> 22578
(254, 35): 32640 666 -> 16653
(254, 58): 32640 1770 -> 17205
(254, 134): 32640 9180 -> 20910
(254, 223): 32640 25200 -> 28920
(256, 16): 33153 153 -> 16653
(257, 125): 33411 8001 -> 20706
(259, 175): 33930 15576 -> 24753
(261, 36): 34453 703 -> 17578
(262, 10): 34716 66 -> 17391
(262, 107): 34716 5886 -> 20301
(262, 143): 34716 10440 -> 22578
(262, 218): 34716 24090 -> 29403
(263, 74): 34980 2850 -> 18915
(263, 79): 34980 3240 -> 19110
(265, 5): 35511 21 -> 17766
(268, 37): 36315 741 -> 18528
(268, 169): 36315 14535 -> 25425
(275, 38): 38226 780 -> 19503
(275, 47): 38226 1176 -> 19701
(275, 130): 38226 8646 -> 23436
(275, 163): 38226 13530 -> 25878
(279, 114): 39340 6670 -> 23005
(281, 101): 39903 5253 -> 22578
(282, 39): 40186 820 -> 20503
(283, 190): 40470 18336 -> 29403
(285, 132): 41041 8911 -> 24976
(286, 86): 41328 3828 -> 22578
(287, 254): 41616 32640 -> 37128
(288, 24): 41905 325 -> 21115
(289, 40): 42195 861 -> 21528
(293, 160): 43365 13041 -> 28203
(295, 127): 43956 8256 -> 26106
(296, 41): 44253 903 -> 22578
(296, 101): 44253 5253 -> 24753
(296, 121): 44253 7503 -> 25878
(296, 196): 44253 19503 -> 31878
(297, 240): 44551 29161 -> 36856
(298, 95): 44850 4656 -> 24753
(299, 2): 45150 6 -> 22578
(302, 170): 46056 14706 -> 30381
(303, 42): 46360 946 -> 23653
(304, 148): 46665 11175 -> 28920
(306, 6): 47278 28 -> 23653
(307, 215): 47586 23436 -> 35511
(309, 93): 48205 4465 -> 26335
(310, 43): 48516 990 -> 24753
(310, 79): 48516 3240 -> 25878
(310, 155): 48516 12246 -> 30381
(310, 262): 48516 34716 -> 41616
(313, 128): 49455 8385 -> 28920
(314, 34): 49770 630 -> 25200
(316, 241): 50403 29403 -> 39903
(317, 44): 50721 1035 -> 25878
(317, 200): 50721 20301 -> 35511
(318, 219): 51040 24310 -> 37675
(319, 58): 51360 1770 -> 26565
(322, 287): 52326 41616 -> 46971
(324, 45): 52975 1081 -> 27028
(324, 69): 52975 2485 -> 27730
(324, 168): 52975 14365 -> 33670
(324, 177): 52975 15931 -> 34453
(327, 75): 53956 2926 -> 28441
(330, 135): 54946 9316 -> 32131
(331, 46): 55278 1128 -> 28203
(332, 100): 55611 5151 -> 30381
(333, 249): 55945 31375 -> 43660
(335, 118): 56616 7140 -> 31878
(338, 19): 57630 210 -> 28920
(338, 47): 57630 1176 -> 29403
(338, 118): 57630 7140 -> 32385
(338, 247): 57630 30876 -> 44253
(341, 16): 58653 153 -> 29403
(345, 48): 60031 1225 -> 30628
(347, 7): 60726 36 -> 30381
(347, 142): 60726 10296 -> 35511
(347, 163): 60726 13530 -> 37128
(347, 182): 60726 16836 -> 38781
(348, 177): 61075 15931 -> 38503
(351, 171): 62128 14878 -> 38503
(352, 49): 62481 1275 -> 31878
(354, 210): 63190 22366 -> 42778
(355, 19): 63546 210 -> 31878
(355, 107): 63546 5886 -> 34716
(355, 194): 63546 19110 -> 41328
(355, 250): 63546 31626 -> 47586
(357, 0): 64261 1 -> 32131
(358, 79): 64620 3240 -> 33930
(359, 23): 64980 300 -> 32640
(359, 50): 64980 1326 -> 33153
(359, 259): 64980 33930 -> 49455
(359, 322): 64980 52326 -> 58653
(360, 297): 65341 44551 -> 54946
(362, 310): 66066 48516 -> 57291
(364, 149): 66795 11325 -> 39060
(366, 51): 67528 1378 -> 34453
(366, 231): 67528 27028 -> 47278
(370, 62): 69006 2016 -> 35511
(373, 52): 70125 1431 -> 35778
(374, 143): 70500 10440 -> 40470
(376, 76): 71253 3003 -> 37128
(378, 114): 72010 6670 -> 39340
(379, 38): 72390 780 -> 36585
(380, 53): 72771 1485 -> 37128
(381, 156): 73153 12403 -> 42778
(383, 107): 73920 5886 -> 39903
(384, 72): 74305 2701 -> 38503
(386, 211): 75078 22578 -> 48828
(387, 54): 75466 1540 -> 38503
(388, 8): 75855 45 -> 37950
(389, 268): 76245 36315 -> 56280
(393, 108): 77815 5995 -> 41905
(394, 55): 78210 1596 -> 39903
(394, 142): 78210 10296 -> 44253
(394, 154): 78210 12090 -> 45150
(394, 283): 78210 40470 -> 59340
(398, 2): 79800 6 -> 39903
(398, 163): 79800 13530 -> 46665
(398, 194): 79800 19110 -> 49455
(398, 359): 79800 64980 -> 72390
(399, 102): 80200 5356 -> 42778
(400, 92): 80601 4371 -> 42486
(401, 56): 81003 1653 -> 41328
(401, 121): 81003 7503 -> 44253
(401, 181): 81003 16653 -> 48828
(401, 316): 81003 50403 -> 65703
(403, 203): 81810 20910 -> 51360
(405, 153): 82621 11935 -> 47278
(408, 57): 83845 1711 -> 42778
(410, 254): 84666 32640 -> 58653
(415, 47): 86736 1176 -> 43956
(415, 58): 86736 1770 -> 44253
(415, 142): 86736 10296 -> 48516
(415, 170): 86736 14706 -> 50721
(415, 262): 86736 34716 -> 60726
(415, 275): 86736 38226 -> 62481
(415, 307): 86736 47586 -> 67161
(416, 296): 87153 44253 -> 65703
(417, 228): 87571 26335 -> 56953
(418, 362): 87990 66066 -> 77028
(420, 240): 88831 29161 -> 58996
(422, 59): 89676 1830 -> 45753
(424, 128): 90525 8385 -> 49455
(427, 242): 91806 29646 -> 60726
(429, 9): 92665 55 -> 46360
(429, 60): 92665 1891 -> 47278
(429, 333): 92665 55945 -> 74305
(429, 360): 92665 65341 -> 79003
(430, 94): 93096 4560 -> 48828
(432, 33): 93961 595 -> 47278
(432, 177): 93961 15931 -> 54946
(433, 257): 94395 33411 -> 63903
(435, 318): 95266 51040 -> 73153
(436, 61): 95703 1953 -> 48828
(439, 398): 97020 79800 -> 88410
(442, 127): 98346 8256 -> 53301
(443, 14): 98790 120 -> 49455
(443, 62): 98790 2016 -> 50403
(443, 143): 98790 10440 -> 54615
(443, 338): 98790 57630 -> 78210
(445, 217): 99681 23871 -> 61776
(447, 135): 100576 9316 -> 54946
(448, 245): 101025 30381 -> 65703
(449, 184): 101475 17205 -> 59340
(450, 63): 101926 2080 -> 52003
(454, 194): 103740 19110 -> 61425
(457, 64): 105111 2145 -> 53628
(458, 199): 105570 20100 -> 62835
(460, 317): 106491 50721 -> 78606
(462, 30): 107416 496 -> 53956
(463, 247): 107880 30876 -> 69378
(464, 65): 108345 2211 -> 55278
(464, 293): 108345 43365 -> 75855
(465, 45): 108811 1081 -> 54946
(466, 191): 109278 18528 -> 63903
(467, 82): 109746 3486 -> 56616
(468, 153): 110215 11935 -> 61075
(470, 10): 111156 66 -> 55611
(470, 142): 111156 10296 -> 60726
(470, 275): 111156 38226 -> 74691
(470, 302): 111156 46056 -> 78606
(471, 66): 111628 2278 -> 56953
(473, 109): 112575 6105 -> 59340
(475, 359): 113526 64980 -> 89253
(476, 221): 114003 24753 -> 69378
(478, 23): 114960 300 -> 57630
(478, 67): 114960 2346 -> 58653
(478, 355): 114960 63546 -> 89253
(478, 418): 114960 87990 -> 101475
(479, 79): 115440 3240 -> 59340
(479, 262): 115440 34716 -> 75078
(481, 41): 116403 903 -> 58653
(482, 439): 116886 97020 -> 106953
(483, 198): 117370 19900 -> 68635
(485, 68): 118341 2415 -> 60378
(487, 154): 119316 12090 -> 65703
(488, 125): 119805 8001 -> 63903
(490, 35): 120786 666 -> 60726
(492, 69): 121771 2485 -> 62128
(492, 132): 121771 8911 -> 65341
(492, 240): 121771 29161 -> 75466
(492, 285): 121771 41041 -> 81406
(493, 149): 122265 11325 -> 66795
(494, 130): 122760 8646 -> 65703
(496, 401): 123753 81003 -> 102378
(499, 70): 125250 2556 -> 63903
(500, 205): 125751 21321 -> 73536
(503, 230): 127260 26796 -> 77028
(504, 429): 127765 92665 -> 110215
(506, 71): 128778 2628 -> 65703
(507, 183): 129286 17020 -> 73153
(510, 279): 130816 39340 -> 85078
(511, 11): 131328 78 -> 65703
(512, 304): 131841 46665 -> 89253
(513, 72): 132355 2701 -> 67528
(513, 225): 132355 25651 -> 79003
(513, 324): 132355 52975 -> 92665
(514, 107): 132870 5886 -> 69378
(515, 310): 133386 48516 -> 90951
(516, 156): 133903 12403 -> 73153
(517, 212): 134421 22791 -> 78606
(518, 238): 134940 28680 -> 81810
(520, 73): 135981 2775 -> 69378
(523, 394): 137550 78210 -> 107880
(527, 74): 139656 2850 -> 71253
(527, 107): 139656 5886 -> 72771
(527, 295): 139656 43956 -> 91806
(527, 482): 139656 116886 -> 128271
(528, 324): 140185 52975 -> 96580
(530, 62): 141246 2016 -> 71631
(531, 366): 141778 67528 -> 104653
(532, 389): 142311 76245 -> 109278
(534, 75): 143380 2926 -> 73153
(534, 183): 143380 17020 -> 80200
(534, 219): 143380 24310 -> 83845
(534, 354): 143380 63190 -> 103285
(537, 429): 144991 92665 -> 118828
(539, 58): 146070 1770 -> 73920
(539, 163): 146070 13530 -> 79800
(539, 263): 146070 34980 -> 90525
(539, 415): 146070 86736 -> 116403
(541, 76): 147153 3003 -> 75078
(541, 116): 147153 6903 -> 77028
(541, 281): 147153 39903 -> 93528
(541, 296): 147153 44253 -> 95703
(542, 478): 147696 114960 -> 131328
(546, 126): 149878 8128 -> 79003
(547, 115): 150426 6786 -> 78606
(548, 77): 150975 3081 -> 77028
(549, 204): 151525 21115 -> 86320
(550, 263): 152076 34980 -> 93528
(551, 226): 152628 25878 -> 89253
(552, 12): 153181 91 -> 76636
(555, 78): 154846 3160 -> 79003
(556, 416): 155403 87153 -> 121278
(562, 7): 158766 36 -> 79401
(562, 79): 158766 3240 -> 81003
(562, 170): 158766 14706 -> 86736
(562, 254): 158766 32640 -> 95703
(562, 347): 158766 60726 -> 109746
(562, 355): 158766 63546 -> 111156
(562, 443): 158766 98790 -> 128778
(563, 134): 159330 9180 -> 84255
(565, 37): 160461 741 -> 80601
(568, 233): 162165 27495 -> 94830
(569, 80): 162735 3321 -> 83028
(570, 435): 163306 95266 -> 129286
(572, 313): 164451 49455 -> 106953
(573, 348): 165025 61075 -> 113050
(574, 527): 165600 139656 -> 152628
(575, 227): 166176 26106 -> 96141
(576, 81): 166753 3403 -> 85078
(577, 148): 167331 11175 -> 89253
(581, 296): 169653 44253 -> 106953
(583, 43): 170820 990 -> 85905
(583, 82): 170820 3486 -> 87153
(583, 214): 170820 23220 -> 97020
(583, 415): 170820 86736 -> 128778
(585, 105): 171991 5671 -> 88831
(585, 177): 171991 15931 -> 93961
(585, 240): 171991 29161 -> 100576
(585, 504): 171991 127765 -> 149878
(586, 286): 172578 41328 -> 106953
(590, 83): 174936 3570 -> 89253
(591, 351): 175528 62128 -> 118828
(593, 13): 176715 105 -> 88410
(595, 347): 177906 60726 -> 119316
(596, 1): 178503 3 -> 89253
(597, 84): 179101 3655 -> 91378
(599, 298): 180300 44850 -> 112575
(600, 117): 180901 7021 -> 93961
(601, 496): 181503 123753 -> 152628
(602, 98): 182106 4950 -> 93528
(602, 247): 182106 30876 -> 106491
(602, 410): 182106 84666 -> 133386
(602, 415): 182106 86736 -> 134421
(603, 330): 182710 54946 -> 118828
(604, 85): 183315 3741 -> 93528
(607, 475): 185136 113526 -> 149331
(608, 184): 185745 17205 -> 101475
(610, 542): 186966 147696 -> 167331
(611, 86): 187578 3828 -> 95703
(611, 386): 187578 75078 -> 131328
(612, 204): 188191 21115 -> 104653
(614, 163): 189420 13530 -> 101475
(615, 30): 190036 496 -> 95266
(618, 87): 191890 3916 -> 97903
(619, 143): 192510 10440 -> 101475
(619, 155): 192510 12246 -> 102378
(619, 254): 192510 32640 -> 112575
(619, 478): 192510 114960 -> 153735
(620, 224): 193131 25425 -> 109278
(623, 574): 195000 165600 -> 180300
(625, 88): 196251 4005 -> 100128
(629, 460): 198765 106491 -> 152628
(631, 191): 200028 18528 -> 109278
(632, 89): 200661 4095 -> 102378
(633, 309): 201295 48205 -> 124750
(634, 14): 201930 120 -> 101025
(634, 214): 201930 23220 -> 112575
(634, 247): 201930 30876 -> 116403
(634, 347): 201930 60726 -> 131328
(636, 261): 203203 34453 -> 118828
(638, 22): 204480 276 -> 102378
(639, 90): 205120 4186 -> 104653
(641, 121): 206403 7503 -> 106953
(643, 110): 207690 6216 -> 106953
(645, 24): 208981 325 -> 104653
(646, 91): 209628 4278 -> 106953
(647, 275): 210276 38226 -> 124251
(648, 420): 210925 88831 -> 149878
(650, 335): 212226 56616 -> 134421
(653, 92): 214185 4371 -> 109278
(653, 224): 214185 25425 -> 119805
(653, 268): 214185 36315 -> 125250
(653, 433): 214185 94395 -> 154290
(654, 198): 214840 19900 -> 117370
(656, 181): 216153 16653 -> 116403
(657, 537): 216811 144991 -> 180901
(658, 338): 217470 57630 -> 137550
(659, 79): 218130 3240 -> 110685
(660, 93): 218791 4465 -> 111628
(660, 417): 218791 87571 -> 153181
(662, 427): 220116 91806 -> 155961
(665, 364): 222111 66795 -> 144453
(666, 171): 222778 14878 -> 118828
(667, 94): 223446 4560 -> 114003
(667, 194): 223446 19110 -> 121278
(667, 310): 223446 48516 -> 135981
(667, 403): 223446 81810 -> 152628
(668, 44): 224115 1035 -> 112575
(670, 55): 225456 1596 -> 113526
(670, 275): 225456 38226 -> 131841
(670, 398): 225456 79800 -> 152628
(670, 523): 225456 137550 -> 181503
(672, 585): 226801 171991 -> 199396
(673, 464): 227475 108345 -> 167910
(674, 58): 228150 1770 -> 114960
(674, 95): 228150 4656 -> 116403
(674, 470): 228150 111156 -> 169653
(674, 623): 228150 195000 -> 211575
(675, 15): 228826 136 -> 114481
(676, 256): 229503 33153 -> 131328
(677, 205): 230181 21321 -> 125751
(678, 138): 230860 9730 -> 120295
(679, 539): 231540 146070 -> 188805
(680, 332): 232221 55611 -> 143916
(681, 96): 232903 4753 -> 118828
(682, 610): 233586 186966 -> 210276
(684, 72): 234955 2701 -> 118828
(687, 282): 237016 40186 -> 138601
(688, 97): 237705 4851 -> 121278
(692, 160): 240471 13041 -> 126756
(693, 168): 241165 14365 -> 127765
(695, 98): 242556 4950 -> 123753
(695, 199): 242556 20100 -> 131328
(695, 562): 242556 158766 -> 200661
(696, 381): 243253 73153 -> 158203
(697, 532): 243951 142311 -> 193131
(698, 139): 244650 9870 -> 127260
(700, 212): 246051 22791 -> 134421
(701, 401): 246753 81003 -> 163878
(702, 99): 247456 5050 -> 126253
(703, 374): 248160 70500 -> 159330
(704, 289): 248865 42195 -> 145530
(709, 100): 252405 5151 -> 128778
(709, 448): 252405 101025 -> 176715
(710, 262): 253116 34716 -> 143916
(715, 470): 256686 111156 -> 183921
(716, 16): 257403 153 -> 128778
(716, 101): 257403 5253 -> 131328
(716, 556): 257403 155403 -> 206403
(716, 601): 257403 181503 -> 219453
(717, 177): 258121 15931 -> 137026
(718, 58): 258840 1770 -> 130305
(721, 56): 261003 1653 -> 131328
(721, 296): 261003 44253 -> 152628
(722, 227): 261726 26106 -> 143916
(723, 102): 262450 5356 -> 133903
(723, 219): 262450 24310 -> 143380
(723, 327): 262450 53956 -> 158203
(723, 570): 262450 163306 -> 212878
(726, 531): 264628 141778 -> 203203
(727, 82): 265356 3486 -> 134421
(727, 355): 265356 63546 -> 164451
(727, 398): 265356 79800 -> 172578
(727, 674): 265356 228150 -> 246753
(729, 324): 266815 52975 -> 159895
(730, 103): 267546 5460 -> 136503
(733, 265): 269745 35511 -> 152628
(734, 394): 270480 78210 -> 174345
(737, 104): 272691 5565 -> 139128
(738, 303): 273430 46360 -> 159895
(739, 119): 274170 7260 -> 140715
(742, 319): 276396 51360 -> 163878
(743, 463): 277140 107880 -> 192510
(744, 69): 277885 2485 -> 140185
(744, 105): 277885 5671 -> 141778
(744, 288): 277885 41905 -> 159895
(744, 513): 277885 132355 -> 205120
(746, 226): 279378 25878 -> 152628
(749, 445): 281625 99681 -> 190653
(750, 534): 282376 143380 -> 212878
(751, 106): 283128 5778 -> 144453
(752, 37): 283881 741 -> 142311
(753, 492): 284635 121771 -> 203203
(754, 23): 285390 300 -> 142845
(755, 170): 286146 14706 -> 150426
(755, 194): 286146 19110 -> 152628
(755, 310): 286146 48516 -> 167331
(755, 607): 286146 185136 -> 235641
(757, 17): 287661 171 -> 143916
(758, 107): 288420 5886 -> 147153
(758, 163): 288420 13530 -> 150975
(758, 182): 288420 16836 -> 152628
(758, 394): 288420 78210 -> 183315
(758, 415): 288420 86736 -> 187578
(758, 479): 288420 115440 -> 201930
(758, 682): 288420 233586 -> 261003
(765, 108): 293761 5995 -> 149878
(765, 177): 293761 15931 -> 154846
(765, 405): 293761 82621 -> 188191
(765, 672): 293761 226801 -> 260281
(769, 233): 296835 27495 -> 162165
(770, 515): 297606 133386 -> 215496
(771, 51): 298378 1378 -> 149878
(772, 109): 299151 6105 -> 152628
(772, 265): 299151 35511 -> 167331
(772, 317): 299151 50721 -> 174936
(772, 512): 299151 131841 -> 215496
(774, 378): 300700 72010 -> 186355
(775, 247): 301476 30876 -> 166176
(776, 76): 302253 3003 -> 152628
(778, 619): 303810 192510 -> 248160
(779, 35): 304590 666 -> 152628
(779, 110): 304590 6216 -> 155403
(779, 262): 304590 34716 -> 169653
(779, 583): 304590 170820 -> 237705
(780, 528): 305371 140185 -> 222778
(781, 256): 306153 33153 -> 169653
(782, 727): 306936 265356 -> 286146
(786, 111): 310078 6328 -> 158203
(789, 33): 312445 595 -> 156520
(789, 324): 312445 52975 -> 182710
(789, 432): 312445 93961 -> 203203
(789, 657): 312445 216811 -> 264628
(790, 314): 313236 49770 -> 181503
(792, 225): 314821 25651 -> 170236
(792, 240): 314821 29161 -> 171991
(793, 112): 315615 6441 -> 161028
(798, 18): 319600 190 -> 159895
(799, 358): 320400 64620 -> 192510
(800, 113): 321201 6555 -> 163878
(802, 98): 322806 4950 -> 163878
(803, 383): 323610 73920 -> 198765
(806, 331): 326028 55278 -> 190653
(807, 114): 326836 6670 -> 166753
(807, 510): 326836 130816 -> 228826
(814, 115): 332520 6786 -> 169653
(814, 203): 332520 20910 -> 176715
(814, 415): 332520 86736 -> 209628
(814, 454): 332520 103740 -> 218130
(815, 50): 333336 1326 -> 167331
(815, 247): 333336 30876 -> 182106
(815, 458): 333336 105570 -> 219453
(815, 562): 333336 158766 -> 246051
(820, 449): 337431 101475 -> 219453
(821, 116): 338253 6903 -> 172578
(821, 221): 338253 24753 -> 181503
(821, 401): 338253 81003 -> 209628
(821, 476): 338253 114003 -> 226128
(823, 163): 339900 13530 -> 176715
(823, 338): 339900 57630 -> 198765
(823, 527): 339900 139656 -> 239778
(823, 602): 339900 182106 -> 261003
(824, 629): 340725 198765 -> 269745
(827, 562): 343206 158766 -> 250986
(828, 117): 344035 7021 -> 175528
(828, 144): 344035 10585 -> 177310
(828, 393): 344035 77815 -> 210925
(828, 492): 344035 121771 -> 232903
(829, 169): 344865 14535 -> 179700
(830, 602): 345696 182106 -> 263901
(835, 2): 349866 6 -> 174936
(835, 118): 349866 7140 -> 178503
(835, 670): 349866 225456 -> 287661
(835, 679): 349866 231540 -> 290703
(838, 194): 352380 19110 -> 185745
(838, 254): 352380 32640 -> 192510
(838, 299): 352380 45150 -> 198765
(838, 758): 352380 288420 -> 320400
(839, 19): 353220 210 -> 176715
(839, 782): 353220 306936 -> 330078
(840, 345): 354061 60031 -> 207046
(841, 716): 354903 257403 -> 306153
(842, 10): 355746 66 -> 177906
(842, 119): 355746 7260 -> 181503
(842, 230): 355746 26796 -> 191271
(842, 695): 355746 242556 -> 299151
(844, 217): 357435 23871 -> 190653
(846, 306): 359128 47278 -> 203203
(847, 142): 359976 10296 -> 185136
(849, 120): 361675 7381 -> 184528
(851, 466): 363378 109278 -> 236328
(852, 573): 364231 165025 -> 264628
(856, 121): 367653 7503 -> 187578
(856, 376): 367653 71253 -> 219453
(856, 541): 367653 147153 -> 257403
(857, 352): 368511 62481 -> 215496
(858, 399): 369370 80200 -> 224785
(859, 299): 370230 45150 -> 207690
(861, 261): 371953 34453 -> 203203
(863, 122): 373680 7626 -> 190653
(864, 765): 374545 293761 -> 334153
(867, 75): 377146 2926 -> 190036
(868, 424): 378015 90525 -> 234270
(870, 123): 379756 7750 -> 193753
(874, 58): 383250 1770 -> 192510
(874, 359): 383250 64980 -> 224115
(874, 370): 383250 69006 -> 226128
(874, 503): 383250 127260 -> 255255
(875, 238): 384126 28680 -> 206403
(877, 124): 385881 7875 -> 196878
(878, 79): 386760 3240 -> 195000
(880, 20): 388521 231 -> 194376
(881, 541): 389403 147153 -> 268278
(882, 483): 390286 117370 -> 253828
(884, 125): 392055 8001 -> 200028
(884, 268): 392055 36315 -> 214185
(884, 400): 392055 80601 -> 236328
(884, 697): 392055 243951 -> 318003
(886, 611): 393828 187578 -> 290703
(887, 443): 394716 98790 -> 246753
(888, 384): 395605 74305 -> 234955
(889, 44): 396495 1035 -> 198765
(890, 142): 397386 10296 -> 203841
(891, 126): 398278 8128 -> 203203
(891, 306): 398278 47278 -> 222778
(891, 366): 398278 67528 -> 232903
(891, 591): 398278 175528 -> 286903
(894, 723): 400960 262450 -> 331705
(896, 716): 402753 257403 -> 330078
(897, 288): 403651 41905 -> 222778
(898, 127): 404550 8256 -> 206403
(898, 170): 404550 14706 -> 209628
(898, 518): 404550 134940 -> 269745
(898, 839): 404550 353220 -> 378885
(899, 338): 405450 57630 -> 231540
(900, 9): 406351 55 -> 203203
(905, 128): 410871 8385 -> 209628
(905, 572): 410871 164451 -> 287661
(907, 14): 412686 120 -> 206403
(907, 275): 412686 38226 -> 225456
(907, 539): 412686 146070 -> 279378
(907, 595): 412686 177906 -> 295296
(908, 373): 413595 70125 -> 241860
(909, 513): 414505 132355 -> 273430
(910, 175): 415416 15576 -> 215496
(911, 211): 416328 22578 -> 219453
(912, 129): 417241 8515 -> 212878
(913, 500): 418155 125751 -> 271953
(914, 674): 419070 228150 -> 323610
(915, 447): 419986 100576 -> 260281
(916, 341): 420903 58653 -> 239778
(917, 653): 421821 214185 -> 318003
(919, 130): 423660 8646 -> 216153
(919, 254): 423660 32640 -> 228150
(919, 442): 423660 98346 -> 261003
(919, 755): 423660 286146 -> 354903
(920, 673): 424581 227475 -> 326028
(921, 21): 425503 253 -> 212878
(922, 838): 426426 352380 -> 389403
(924, 648): 428275 210925 -> 319600
(925, 380): 429201 72771 -> 250986
(926, 131): 430128 8778 -> 219453
(930, 282): 433846 40186 -> 237016
(933, 132): 436645 8911 -> 222778
(933, 240): 436645 29161 -> 232903
(933, 468): 436645 110215 -> 273430
(933, 789): 436645 312445 -> 374545
(934, 50): 437580 1326 -> 219453
(935, 550): 438516 152076 -> 295296
(938, 275): 441330 38226 -> 239778
(940, 133): 443211 9045 -> 226128
(942, 387): 445096 75466 -> 260281
(943, 110): 446040 6216 -> 226128
(944, 517): 446985 134421 -> 290703
(945, 105): 447931 5671 -> 226801
(947, 134): 449826 9180 -> 229503
(947, 355): 449826 63546 -> 256686
(947, 359): 449826 64980 -> 257403
(947, 662): 449826 220116 -> 334971
(951, 726): 453628 264628 -> 359128
(953, 289): 455535 42195 -> 248865
(954, 135): 456490 9316 -> 232903
(954, 603): 456490 182710 -> 319600
(955, 778): 457446 303810 -> 380628
(956, 581): 458403 169653 -> 314028
(957, 660): 459361 218791 -> 339076
(959, 119): 461280 7260 -> 234270
(959, 347): 461280 60726 -> 261003
(959, 394): 461280 78210 -> 269745
(959, 898): 461280 404550 -> 432915
(960, 177): 462241 15931 -> 239086
(961, 136): 463203 9453 -> 236328
(962, 22): 464166 276 -> 232221
(962, 379): 464166 72390 -> 268278
(962, 430): 464166 93096 -> 278631
(962, 470): 464166 111156 -> 287661
(968, 137): 469965 9591 -> 239778
(969, 864): 470935 374545 -> 422740
(974, 43): 475800 990 -> 238395
(975, 138): 476776 9730 -> 243253
(975, 210): 476776 22366 -> 249571
(975, 507): 476776 129286 -> 303031
(975, 534): 476776 143380 -> 310078
(976, 176): 477753 15753 -> 246753
(976, 296): 477753 44253 -> 261003
(976, 401): 477753 81003 -> 279378
(976, 841): 477753 354903 -> 416328
(977, 65): 478731 2211 -> 240471
(980, 200): 481671 20301 -> 250986
(982, 139): 483636 9870 -> 246753
(982, 190): 483636 18336 -> 250986
(982, 487): 483636 119316 -> 301476
(982, 562): 483636 158766 -> 321201
(984, 228): 485605 26335 -> 255970
(986, 586): 487578 172578 -> 330078
(989, 140): 490545 10011 -> 250278
(993, 408): 494515 83845 -> 289180
(995, 667): 496506 223446 -> 359976
(996, 141): 497503 10153 -> 253828
(998, 599): 499500 180300 -> 339900
