(7, 1): 49 1 -> 25
(17, 7): 289 49 -> 169
(21, 3): 441 9 -> 225
(23, 7): 529 49 -> 289
(31, 17): 961 289 -> 625
(34, 14): 1156 196 -> 676
(28, 4): 784 16 -> 400
(35, 5): 1225 25 -> 625
(14, 2): 196 4 -> 100
(41, 1): 1681 1 -> 841
(47, 23): 2209 529 -> 1369
(42, 6): 1764 36 -> 900
(46, 14): 2116 196 -> 1156
(49, 7): 2401 49 -> 1225
(51, 21): 2601 441 -> 1521
(62, 34): 3844 1156 -> 2500
(63, 9): 3969 81 -> 2025
(49, 31): 2401 961 -> 1681
(68, 28): 4624 784 -> 2704
(70, 10): 4900 100 -> 2500
(71, 49): 5041 2401 -> 3721
(77, 11): 5929 121 -> 3025
(79, 47): 6241 2209 -> 4225
(82, 2): 6724 4 -> 3364
(84, 12): 7056 144 -> 3600
(85, 35): 7225 1225 -> 4225
(89, 23): 7921 529 -> 4225
(91, 13): 8281 169 -> 4225
(92, 28): 8464 784 -> 4624
(56, 8): 3136 64 -> 1600
(73, 17): 5329 289 -> 2809
(69, 21): 4761 441 -> 2601
(94, 46): 8836 2116 -> 5476
(93, 51): 8649 2601 -> 5625
(98, 14): 9604 196 -> 4900
(97, 71): 9409 5041 -> 7225
(102, 42): 10404 1764 -> 6084
(105, 15): 11025 225 -> 5625
(112, 16): 12544 256 -> 6400
(113, 41): 12769 1681 -> 7225
(115, 35): 13225 1225 -> 7225
(119, 17): 14161 289 -> 7225
(98, 62): 9604 3844 -> 6724
(119, 41): 14161 1681 -> 7921
(119, 49): 14161 2401 -> 8281
(119, 79): 14161 6241 -> 10201
(124, 68): 15376 4624 -> 10000
(126, 18): 15876 324 -> 8100
(127, 97): 16129 9409 -> 12769
(103, 7): 10609 49 -> 5329
(136, 56): 18496 3136 -> 10816
(137, 7): 18769 49 -> 9409
(133, 19): 17689 361 -> 9025
(138, 42): 19044 1764 -> 10404
(123, 3): 15129 9 -> 7569
(141, 69): 19881 4761 -> 12321
(140, 20): 19600 400 -> 10000
(146, 34): 21316 1156 -> 11236
(147, 93): 21609 8649 -> 15129
(142, 98): 20164 9604 -> 14884
(151, 31): 22801 961 -> 11881
(153, 63): 23409 3969 -> 13689
(155, 85): 24025 7225 -> 15625
(147, 21): 21609 441 -> 11025
(158, 94): 24964 8836 -> 16900
(161, 49): 25921 2401 -> 14161
(161, 73): 25921 5329 -> 15625
(161, 127): 25921 16129 -> 21025
(164, 4): 26896 16 -> 13456
(154, 22): 23716 484 -> 12100
(167, 119): 27889 14161 -> 21025
(161, 23): 25921 529 -> 13225
(170, 70): 28900 4900 -> 16900
(178, 46): 31684 2116 -> 16900
(168, 24): 28224 576 -> 14400
(175, 25): 30625 625 -> 15625
(184, 56): 33856 3136 -> 18496
(186, 102): 34596 10404 -> 22500
(188, 92): 35344 8464 -> 21904
(187, 77): 34969 5929 -> 20449
(189, 27): 35721 729 -> 18225
(191, 89): 36481 7921 -> 22201
(194, 142): 37636 20164 -> 28900
(182, 26): 33124 676 -> 16900
(193, 17): 37249 289 -> 18769
(196, 28): 38416 784 -> 19600
(199, 161): 39601 25921 -> 32761
(204, 84): 41616 7056 -> 24336
(196, 124): 38416 15376 -> 26896
(205, 5): 42025 25 -> 21025
(206, 14): 42436 196 -> 21316
(207, 63): 42849 3969 -> 23409
(213, 147): 45369 21609 -> 33489
(210, 30): 44100 900 -> 22500
(217, 47): 47089 2209 -> 24649
(217, 113): 47089 12769 -> 29929
(217, 31): 47089 961 -> 24025
(217, 119): 47089 14161 -> 30625
(219, 51): 47961 2601 -> 25281
(223, 167): 49729 27889 -> 38809
(203, 29): 41209 841 -> 21025
(221, 91): 48841 8281 -> 28561
(230, 70): 52900 4900 -> 28900
(224, 32): 50176 1024 -> 25600
(233, 119): 54289 14161 -> 34225
(226, 82): 51076 6724 -> 28900
(235, 115): 55225 13225 -> 34225
(237, 141): 56169 19881 -> 38025
(231, 33): 53361 1089 -> 27225
(238, 98): 56644 9604 -> 33124
(238, 158): 56644 24964 -> 40804
(239, 1): 57121 1 -> 28561
(238, 34): 56644 1156 -> 28900
(241, 199): 58081 39601 -> 48841
(238, 82): 56644 6724 -> 31684
(245, 155): 60025 24025 -> 42025
(246, 6): 60516 36 -> 30276
(245, 35): 60025 1225 -> 30625
(253, 77): 64009 5929 -> 34969
(248, 136): 61504 18496 -> 40000
(252, 36): 63504 1296 -> 32400
(254, 194): 64516 37636 -> 51076
(255, 105): 65025 11025 -> 38025
(257, 49): 66049 2401 -> 34225
(259, 37): 67081 1369 -> 34225
(263, 73): 69169 5329 -> 37249
(271, 103): 73441 10609 -> 42025
(272, 112): 73984 12544 -> 43264
(273, 39): 74529 1521 -> 38025
(266, 38): 70756 1444 -> 36100
(267, 69): 71289 4761 -> 38025
(274, 14): 75076 196 -> 37636
(276, 84): 76176 7056 -> 41616
(279, 153): 77841 23409 -> 50625
(280, 40): 78400 1600 -> 40000
(281, 161): 78961 25921 -> 52441
(287, 7): 82369 49 -> 41209
(282, 138): 79524 19044 -> 49284
(284, 196): 80656 38416 -> 59536
(287, 223): 82369 49729 -> 66049
(289, 23): 83521 529 -> 42025
(287, 41): 82369 1681 -> 42025
(289, 119): 83521 14161 -> 48841
(287, 241): 82369 58081 -> 70225
(291, 213): 84681 45369 -> 65025
(292, 68): 85264 4624 -> 44944
(294, 186): 86436 34596 -> 60516
(299, 91): 89401 8281 -> 48841
(294, 42): 86436 1764 -> 44100
(301, 43): 90601 1849 -> 46225
(306, 126): 93636 15876 -> 54756
(309, 21): 95481 441 -> 47961
(302, 62): 91204 3844 -> 47524
(310, 170): 96100 28900 -> 62500
(313, 103): 97969 10609 -> 54289
(311, 31): 96721 961 -> 48841
(315, 45): 99225 2025 -> 50625
(316, 188): 99856 35344 -> 67600
(322, 98): 103684 9604 -> 56644
(322, 46): 103684 2116 -> 52900
(322, 146): 103684 21316 -> 62500
(323, 133): 104329 17689 -> 61009
(308, 44): 94864 1936 -> 48400
(322, 254): 103684 64516 -> 84100
(329, 89): 108241 7921 -> 58081
(329, 161): 108241 25921 -> 67081
(329, 47): 108241 2209 -> 55225
(329, 191): 108241 36481 -> 72361
(336, 48): 112896 2304 -> 57600
(334, 238): 111556 56644 -> 84100
(337, 287): 113569 82369 -> 97969
(339, 123): 114921 15129 -> 65025
(341, 187): 116281 34969 -> 75625
(343, 49): 117649 2401 -> 60025
(340, 140): 115600 19600 -> 67600
(343, 151): 117649 22801 -> 70225
(343, 217): 117649 47089 -> 82369
(328, 8): 107584 64 -> 53824
(345, 105): 119025 11025 -> 65025
(350, 50): 122500 2500 -> 62500
(355, 245): 126025 60025 -> 93025
(357, 51): 127449 2601 -> 65025
(353, 217): 124609 47089 -> 85849
(357, 123): 127449 15129 -> 71289
(357, 147): 127449 21609 -> 74529
(356, 92): 126736 8464 -> 67600
(357, 237): 127449 56169 -> 91809
(365, 85): 133225 7225 -> 70225
(359, 287): 128881 82369 -> 105625
(367, 137): 134689 18769 -> 76729
(368, 112): 135424 12544 -> 73984
(371, 53): 137641 2809 -> 70225
(369, 9): 136161 81 -> 68121
(364, 52): 132496 2704 -> 67600
(372, 204): 138384 41616 -> 90000
(376, 184): 141376 33856 -> 87616
(381, 291): 145161 84681 -> 114921
(378, 54): 142884 2916 -> 72900
(382, 178): 145924 31684 -> 88804
(383, 233): 146689 54289 -> 100489
(374, 154): 139876 23716 -> 81796
(386, 34): 148996 1156 -> 75076
(388, 284): 150544 80656 -> 115600
(391, 119): 152881 14161 -> 83521
(391, 161): 152881 25921 -> 89401
(391, 337): 152881 113569 -> 133225
(391, 71): 152881 5041 -> 78961
(392, 248): 153664 61504 -> 107584
(392, 56): 153664 3136 -> 78400
(395, 235): 156025 55225 -> 105625
(398, 322): 158404 103684 -> 131044
(399, 57): 159201 3249 -> 81225
(403, 221): 162409 48841 -> 105625
(385, 55): 148225 3025 -> 75625
(408, 168): 166464 28224 -> 97344
(406, 58): 164836 3364 -> 84100
(409, 137): 167281 18769 -> 93025
(410, 10): 168100 100 -> 84100
(411, 21): 168921 441 -> 84681
(413, 59): 170569 3481 -> 87025
(414, 126): 171396 15876 -> 93636
(420, 60): 176400 3600 -> 90000
(423, 207): 178929 42849 -> 110889
(425, 175): 180625 30625 -> 105625
(426, 294): 181476 86436 -> 133956
(427, 61): 182329 3721 -> 93025
(401, 79): 160801 6241 -> 83521
(433, 281): 187489 78961 -> 133225
(434, 62): 188356 3844 -> 96100
(434, 94): 188356 8836 -> 98596
(434, 226): 188356 51076 -> 119716
(434, 238): 188356 56644 -> 122500
(437, 133): 190969 17689 -> 104329
(438, 102): 191844 10404 -> 101124
(439, 359): 192721 128881 -> 160801
(441, 63): 194481 3969 -> 99225
(441, 279): 194481 77841 -> 136161
(442, 182): 195364 33124 -> 114244
(445, 115): 198025 13225 -> 105625
(446, 334): 198916 111556 -> 155236
(448, 64): 200704 4096 -> 102400
(449, 391): 201601 152881 -> 177241
(451, 11): 203401 121 -> 101761
(452, 164): 204304 26896 -> 115600
(412, 28): 169744 784 -> 85264
(453, 93): 205209 8649 -> 106929
(455, 65): 207025 4225 -> 105625
(459, 189): 210681 35721 -> 123201
(431, 17): 185761 289 -> 93025
(457, 49): 208849 2401 -> 105625
(463, 113): 214369 12769 -> 113569
(465, 255): 216225 65025 -> 140625
(460, 140): 211600 19600 -> 115600
(469, 67): 219961 4489 -> 112225
(466, 238): 217156 56644 -> 136900
(474, 282): 224676 79524 -> 152100
(462, 66): 213444 4356 -> 108900
(470, 230): 220900 52900 -> 136900
(476, 196): 226576 38416 -> 132496
(476, 164): 226576 26896 -> 126736
(478, 2): 228484 4 -> 114244
(476, 68): 226576 4624 -> 115600
(479, 119): 229441 14161 -> 121801
(482, 398): 232324 158404 -> 195364
(483, 147): 233289 21609 -> 127449
(483, 219): 233289 47961 -> 140625
(483, 381): 233289 145161 -> 189225
(485, 355): 235225 126025 -> 180625
(487, 217): 237169 47089 -> 142129
(490, 70): 240100 4900 -> 122500
(476, 316): 226576 99856 -> 163216
(483, 69): 233289 4761 -> 119025
(490, 310): 240100 96100 -> 168100
(493, 203): 243049 41209 -> 142129
(497, 47): 247009 2209 -> 124609
(496, 272): 246016 73984 -> 160000
(497, 193): 247009 37249 -> 142129
(497, 343): 247009 117649 -> 182329
(501, 357): 251001 127449 -> 189225
(503, 329): 253009 108241 -> 180625
(504, 72): 254016 5184 -> 129600
(506, 154): 256036 23716 -> 139876
(508, 388): 258064 150544 -> 204304
(510, 210): 260100 44100 -> 152100
(511, 73): 261121 5329 -> 133225
(511, 119): 261121 14161 -> 137641
(492, 12): 242064 144 -> 121104
(497, 71): 247009 5041 -> 126025
(514, 98): 264196 9604 -> 136900
(511, 271): 261121 73441 -> 167281
(511, 449): 261121 201601 -> 231361
(518, 74): 268324 5476 -> 136900
(517, 253): 267289 64009 -> 165649
(521, 353): 271441 124609 -> 198025
(526, 146): 276676 21316 -> 148996
(527, 23): 277729 529 -> 139129
(525, 75): 275625 5625 -> 140625
(527, 217): 277729 47089 -> 162409
(515, 35): 265225 1225 -> 133225
(527, 439): 277729 192721 -> 235225
(529, 151): 279841 22801 -> 151321
(532, 76): 283024 5776 -> 144400
(529, 161): 279841 25921 -> 152881
(527, 289): 277729 83521 -> 180625
(539, 77): 290521 5929 -> 148225
(534, 138): 285156 19044 -> 152100
(539, 341): 290521 116281 -> 203401
(533, 13): 284089 169 -> 142129
(542, 206): 293764 42436 -> 168100
(544, 224): 295936 50176 -> 173056
(552, 168): 304704 28224 -> 166464
(553, 79): 305809 6241 -> 156025
(553, 97): 305809 9409 -> 157609
(553, 263): 305809 69169 -> 187489
(553, 329): 305809 108241 -> 207025
(558, 306): 311364 93636 -> 202500
(560, 80): 313600 6400 -> 160000
(561, 231): 314721 53361 -> 184041
(562, 322): 315844 103684 -> 209764
(564, 276): 318096 76176 -> 197136
(565, 205): 319225 42025 -> 180625
(567, 81): 321489 6561 -> 164025
(568, 392): 322624 153664 -> 238144
(569, 383): 323761 146689 -> 235225
(573, 267): 328329 71289 -> 199809
(574, 14): 329476 196 -> 164836
(546, 78): 298116 6084 -> 152100
(574, 446): 329476 198916 -> 264196
(574, 82): 329476 6724 -> 168100
(574, 482): 329476 232324 -> 280900
(575, 175): 330625 30625 -> 180625
(577, 511): 332929 261121 -> 297025
(578, 46): 334084 2116 -> 168100
(578, 238): 334084 56644 -> 195364
(579, 51): 335241 2601 -> 168921
(548, 28): 300304 784 -> 150544
(581, 83): 337561 6889 -> 172225
(584, 136): 341056 18496 -> 179776
(582, 426): 338724 181476 -> 260100
(588, 372): 345744 138384 -> 242064
(593, 257): 351649 66049 -> 208849
(589, 323): 346921 104329 -> 225625
(588, 84): 345744 7056 -> 176400
(595, 205): 354025 42025 -> 198025
(595, 245): 354025 60025 -> 207025
(595, 395): 354025 156025 -> 255025
(595, 85): 354025 7225 -> 180625
(597, 483): 356409 233289 -> 294849
(601, 7): 361201 49 -> 180625
(598, 182): 357604 33124 -> 195364
(604, 124): 364816 15376 -> 190096
(607, 343): 368449 117649 -> 243049
(602, 86): 362404 7396 -> 184900
(599, 193): 358801 37249 -> 198025
(612, 252): 374544 63504 -> 219024
(611, 299): 373321 89401 -> 231361
(615, 15): 378225 225 -> 189225
(616, 88): 379456 7744 -> 193600
(617, 433): 380689 187489 -> 284089
(609, 87): 370881 7569 -> 189225
(620, 340): 384400 115600 -> 250000
(622, 62): 386884 3844 -> 195364
(621, 189): 385641 35721 -> 210681
(623, 161): 388129 25921 -> 207025
(623, 89): 388129 7921 -> 198025
(623, 313): 388129 97969 -> 243049
(623, 527): 388129 277729 -> 332929
(629, 259): 395641 67081 -> 231361
(626, 206): 391876 42436 -> 217156
(631, 71): 398161 5041 -> 201601
(632, 376): 399424 141376 -> 270400
(635, 485): 403225 235225 -> 319225
(637, 91): 405769 8281 -> 207025
(637, 403): 405769 162409 -> 284089
(639, 441): 408321 194481 -> 301401
(641, 119): 410881 14161 -> 212521
(644, 92): 414736 8464 -> 211600
(630, 90): 396900 8100 -> 202500
(644, 196): 414736 38416 -> 226576
(644, 292): 414736 85264 -> 250000
(644, 508): 414736 258064 -> 336400
(618, 42): 381924 1764 -> 191844
(647, 577): 418609 332929 -> 375769
(646, 266): 417316 70756 -> 244036
(651, 339): 423801 114921 -> 269361
(651, 141): 423801 19881 -> 221841
(651, 357): 423801 127449 -> 275625
(657, 153): 431649 23409 -> 227529
(651, 93): 423801 8649 -> 216225
(658, 178): 432964 31684 -> 232324
(658, 94): 432964 8836 -> 220900
(658, 322): 432964 103684 -> 268324
(658, 382): 432964 145924 -> 289444
(656, 16): 430336 256 -> 215296
(663, 273): 439569 74529 -> 257049
(667, 203): 444889 41209 -> 243049
(668, 476): 446224 226576 -> 336400
(672, 96): 451584 9216 -> 230400
(669, 501): 447561 251001 -> 349281
(674, 574): 454276 329476 -> 391876
(678, 246): 459684 60516 -> 260100
(679, 41): 461041 1681 -> 231361
(673, 239): 452929 57121 -> 255025
(679, 239): 461041 57121 -> 259081
(679, 97): 461041 9409 -> 235225
(679, 497): 461041 247009 -> 354025
(682, 374): 465124 139876 -> 302500
(680, 280): 462400 78400 -> 270400
(665, 95): 442225 9025 -> 225625
(685, 35): 469225 1225 -> 235225
(686, 302): 470596 91204 -> 280900
(686, 434): 470596 188356 -> 329476
(686, 98): 470596 9604 -> 240100
(690, 210): 476100 44100 -> 260100
(693, 99): 480249 9801 -> 245025
(697, 287): 485809 82369 -> 284089
(697, 329): 485809 108241 -> 297025
(699, 357): 488601 127449 -> 308025
(697, 367): 485809 134689 -> 310249
(705, 345): 497025 119025 -> 308025
(706, 434): 498436 188356 -> 343396
(707, 101): 499849 10201 -> 255025
(710, 490): 504100 240100 -> 372100
(711, 423): 505521 178929 -> 342225
(712, 184): 506944 33856 -> 270400
(713, 41): 508369 1681 -> 255025
(700, 100): 490000 10000 -> 250000
(713, 391): 508369 152881 -> 330625
(697, 17): 485809 289 -> 243049
(713, 217): 508369 47089 -> 277729
(713, 503): 508369 253009 -> 380689
(714, 246): 509796 60516 -> 285156
(714, 474): 509796 224676 -> 367236
(717, 3): 514089 9 -> 257049
(714, 294): 509796 86436 -> 298116
(718, 574): 515524 329476 -> 422500
(714, 102): 509796 10404 -> 260100
(721, 103): 519841 10609 -> 265225
(719, 161): 516961 25921 -> 271441
(721, 521): 519841 271441 -> 395641
(721, 647): 519841 418609 -> 469225
(727, 623): 528529 388129 -> 458329
(721, 49): 519841 2401 -> 261121
(723, 597): 522729 356409 -> 439569
(731, 301): 534361 90601 -> 312481
(734, 274): 538756 75076 -> 306916
(735, 105): 540225 11025 -> 275625
(735, 465): 540225 216225 -> 378225
(736, 224): 541696 50176 -> 295936
(738, 18): 544644 324 -> 272484
(728, 104): 529984 10816 -> 270400
(730, 170): 532900 28900 -> 280900
(742, 106): 550564 11236 -> 280900
(744, 408): 553536 166464 -> 360000
(748, 308): 559504 94864 -> 327184
(749, 107): 561001 11449 -> 286225
(752, 368): 565504 135424 -> 350464
(743, 127): 552049 16129 -> 284089
(756, 108): 571536 11664 -> 291600
(751, 289): 564001 83521 -> 323761
(755, 155): 570025 24025 -> 297025
(761, 79): 579121 6241 -> 292681
(759, 231): 576081 53361 -> 314721
(764, 356): 583696 126736 -> 355216
(762, 582): 580644 338724 -> 459684
(766, 466): 586756 217156 -> 401956
(763, 109): 582169 11881 -> 297025
(765, 315): 585225 99225 -> 342225
(769, 217): 591361 47089 -> 319225
(772, 68): 595984 4624 -> 300304
(770, 110): 592900 12100 -> 302500
(775, 425): 600625 180625 -> 390625
(776, 568): 602176 322624 -> 462400
(779, 19): 606841 361 -> 303601
(771, 147): 594441 21609 -> 308025
(781, 539): 609961 290521 -> 450241
(777, 111): 603729 12321 -> 308025
(782, 322): 611524 103684 -> 357604
(782, 238): 611524 56644 -> 334084
(782, 674): 611524 454276 -> 532900
(782, 142): 611524 20164 -> 315844
(784, 496): 614656 246016 -> 430336
(790, 470): 624100 220900 -> 422500
(791, 113): 625681 12769 -> 319225
(789, 219): 622521 47961 -> 335241
(784, 112): 614656 12544 -> 313600
(791, 569): 625681 323761 -> 474721
(791, 311): 625681 96721 -> 361201
(798, 114): 636804 12996 -> 324900
(796, 644): 633616 414736 -> 524176
(799, 7): 638401 49 -> 319225
(791, 287): 625681 82369 -> 354025
(799, 391): 638401 152881 -> 395641
(801, 207): 641601 42849 -> 342225
(799, 329): 638401 108241 -> 373321
(803, 187): 644809 34969 -> 339889
(799, 721): 638401 519841 -> 579121
(805, 245): 648025 60025 -> 354025
(805, 365): 648025 133225 -> 390625
(805, 635): 648025 403225 -> 525625
(802, 158): 643204 24964 -> 334084
(806, 442): 649636 195364 -> 422500
(805, 115): 648025 13225 -> 330625
(809, 409): 654481 167281 -> 410881
(812, 116): 659344 13456 -> 336400
(816, 336): 665856 112896 -> 389376
(819, 117): 670761 13689 -> 342225
(818, 274): 669124 75076 -> 372100
(813, 309): 660969 95481 -> 378225
(820, 20): 672400 400 -> 336400
(822, 42): 675684 1764 -> 338724
(823, 511): 677329 261121 -> 469225
(826, 118): 682276 13924 -> 348100
(824, 56): 678976 3136 -> 341056
(828, 252): 685584 63504 -> 374544
(833, 287): 693889 82369 -> 388129
(833, 119): 693889 14161 -> 354025
(833, 527): 693889 277729 -> 485809
(833, 343): 693889 117649 -> 405769
(833, 617): 693889 380689 -> 537289
(833, 553): 693889 305809 -> 499849
(837, 459): 700569 210681 -> 455625
(839, 727): 703921 528529 -> 616225
(840, 120): 705600 14400 -> 360000
(835, 595): 697225 354025 -> 525625
(843, 483): 710649 233289 -> 471969
(833, 97): 693889 9409 -> 351649
(846, 414): 715716 171396 -> 443556
(851, 259): 724201 67081 -> 395641
(850, 350): 722500 122500 -> 422500
(847, 121): 717409 14641 -> 366025
(852, 588): 725904 345744 -> 535824
(861, 21): 741321 441 -> 370881
(857, 487): 734449 237169 -> 485809
(861, 123): 741321 15129 -> 378225
(861, 669): 741321 447561 -> 594441
(862, 34): 743044 1156 -> 372100
(861, 723): 741321 522729 -> 632025
(866, 562): 749956 315844 -> 532900
(867, 69): 751689 4761 -> 378225
(854, 122): 729316 14884 -> 372100
(867, 357): 751689 127449 -> 439569
(863, 191): 744769 36481 -> 390625
(868, 452): 753424 204304 -> 478864
(868, 476): 753424 226576 -> 490000
(868, 124): 753424 15376 -> 384400
(869, 517): 755161 267289 -> 511225
(873, 639): 762129 408321 -> 585225
(875, 125): 765625 15625 -> 390625
(876, 204): 767376 41616 -> 404496
(868, 188): 753424 35344 -> 394384
(878, 718): 770884 515524 -> 643204
(881, 799): 776161 638401 -> 707281
(874, 266): 763876 70756 -> 417316
(882, 558): 777924 311364 -> 544644
(887, 257): 786769 66049 -> 426409
(884, 364): 781456 132496 -> 456976
(889, 127): 790321 16129 -> 403225
(889, 31): 790321 961 -> 395641
(882, 126): 777924 15876 -> 396900
(889, 679): 790321 461041 -> 625681
(889, 289): 790321 83521 -> 436921
(892, 668): 795664 446224 -> 620944
(896, 128): 802816 16384 -> 409600
(893, 437): 797449 190969 -> 494209
(898, 782): 806404 611524 -> 708964
(899, 493): 808201 243049 -> 525625
(897, 273): 804609 74529 -> 439569
(901, 371): 811801 137641 -> 474721
(890, 230): 792100 52900 -> 422500
(904, 328): 817216 107584 -> 462400
(902, 22): 813604 484 -> 407044
(906, 186): 820836 34596 -> 427716
(911, 391): 829921 152881 -> 491401
(903, 129): 815409 16641 -> 416025
(910, 130): 828100 16900 -> 422500
(918, 378): 842724 142884 -> 492804
(914, 98): 835396 9604 -> 422500
(917, 131): 840889 17161 -> 429025
(923, 637): 851929 405769 -> 628849
(919, 401): 844561 160801 -> 502681
(920, 280): 846400 78400 -> 462400
(927, 63): 859329 3969 -> 431649
(924, 132): 853776 17424 -> 435600
(929, 497): 863041 247009 -> 555025
(930, 510): 864900 260100 -> 562500
(931, 589): 866761 346921 -> 606841
(931, 133): 866761 17689 -> 442225
(932, 476): 868624 226576 -> 547600
(935, 385): 874225 148225 -> 511225
(933, 93): 870489 8649 -> 439569
(926, 226): 857476 51076 -> 454276
(937, 167): 877969 27889 -> 452929
(940, 460): 883600 211600 -> 547600
(938, 134): 879844 17956 -> 448900
(943, 287): 889249 82369 -> 485809
(939, 309): 881721 95481 -> 488601
(943, 553): 889249 305809 -> 597529
(945, 135): 893025 18225 -> 455625
(943, 607): 889249 368449 -> 628849
(948, 564): 898704 318096 -> 608400
(943, 23): 889249 529 -> 444889
(949, 221): 900601 48841 -> 474721
(952, 328): 906304 107584 -> 506944
(952, 632): 906304 399424 -> 652864
(952, 392): 906304 153664 -> 529984
(955, 445): 912025 198025 -> 555025
(953, 721): 908209 519841 -> 714025
(958, 238): 917764 56644 -> 487204
(956, 4): 913936 16 -> 456976
(959, 49): 919681 2401 -> 461041
(959, 137): 919681 18769 -> 469225
(959, 713): 919681 508369 -> 714025
(961, 161): 923521 25921 -> 474721
(959, 839): 919681 703921 -> 811801
(961, 527): 923521 277729 -> 600625
(952, 136): 906304 18496 -> 462400
(964, 796): 929296 633616 -> 781456
(966, 138): 933156 19044 -> 476100
(966, 438): 933156 191844 -> 562500
(966, 294): 933156 86436 -> 509796
(966, 762): 933156 580644 -> 756900
(965, 85): 931225 7225 -> 469225
(967, 881): 935089 776161 -> 855625
(969, 399): 938961 159201 -> 549081
(974, 434): 948676 188356 -> 568516
(977, 311): 954529 96721 -> 525625
(970, 710): 940900 504100 -> 722500
(973, 139): 946729 19321 -> 483025
(980, 620): 960400 384400 -> 672400
(980, 140): 960400 19600 -> 490000
(979, 253): 958441 64009 -> 511225
(986, 406): 972196 164836 -> 568516
(983, 73): 966289 5329 -> 485809
(987, 141): 974169 19881 -> 497025
(987, 483): 974169 233289 -> 603729
(987, 267): 974169 71289 -> 522729
(987, 573): 974169 328329 -> 651249
(991, 263): 982081 69169 -> 525625
(984, 24): 968256 576 -> 484416
(989, 301): 978121 90601 -> 534361
(994, 142): 988036 20164 -> 504100
(992, 544): 984064 295936 -> 640000
(994, 686): 988036 470596 -> 729316
(995, 805): 990025 648025 -> 819025
(994, 94): 988036 8836 -> 498436
(994, 386): 988036 148996 -> 568516
