(5, 1, 1): 25 1 1 -> 9
(7, 5, 1): 49 25 1 -> 25
(10, 2, 2): 100 4 4 -> 36
(11, 5, 1): 121 25 1 -> 49
(11, 11, 1): 121 121 1 -> 81
(13, 7, 5): 169 49 25 -> 81
(13, 13, 5): 169 169 25 -> 121
(14, 10, 2): 196 100 4 -> 100
(15, 3, 3): 225 9 9 -> 81
(17, 7, 5): 289 49 25 -> 121
(17, 13, 7): 289 169 49 -> 169
(19, 1, 1): 361 1 1 -> 121
(19, 11, 5): 361 121 25 -> 169
(19, 17, 5): 361 289 25 -> 225
(20, 4, 4): 400 16 16 -> 144
(21, 15, 3): 441 225 9 -> 225
(22, 10, 2): 484 100 4 -> 196
(22, 22, 2): 484 484 4 -> 324
(23, 11, 5): 529 121 25 -> 225
(23, 13, 13): 529 169 169 -> 289
(23, 17, 7): 529 289 49 -> 289
(23, 23, 5): 529 529 25 -> 361
(25, 5, 5): 625 25 25 -> 225
(25, 7, 1): 625 49 1 -> 225
(25, 11, 11): 625 121 121 -> 289
(25, 17, 13): 625 289 169 -> 361
(25, 23, 13): 625 529 169 -> 441
(26, 14, 10): 676 196 100 -> 324
(26, 26, 10): 676 676 100 -> 484
(28, 20, 4): 784 400 16 -> 400
(29, 5, 1): 841 25 1 -> 289
(29, 11, 11): 841 121 121 -> 361
(29, 19, 11): 841 361 121 -> 441
(29, 25, 11): 841 625 121 -> 529
(30, 6, 6): 900 36 36 -> 324
(31, 11, 1): 961 121 1 -> 361
(31, 19, 1): 961 361 1 -> 441
(31, 25, 1): 961 625 1 -> 529
(31, 25, 17): 961 625 289 -> 625
(33, 15, 3): 1089 225 9 -> 441
(33, 33, 3): 1089 1089 9 -> 729
(34, 14, 10): 1156 196 100 -> 484
(34, 26, 14): 1156 676 196 -> 676
(35, 7, 7): 1225 49 49 -> 441
(35, 19, 1): 1225 361 1 -> 529
(35, 19, 17): 1225 361 289 -> 625
(35, 23, 11): 1225 529 121 -> 625
(35, 25, 5): 1225 625 25 -> 625
(35, 29, 11): 1225 841 121 -> 729
(35, 31, 1): 1225 961 1 -> 729
(37, 13, 7): 1369 169 49 -> 529
(37, 23, 17): 1369 529 289 -> 729
(37, 25, 23): 1369 625 529 -> 841
(37, 35, 17): 1369 1225 289 -> 961
(37, 37, 23): 1369 1369 529 -> 1089
(38, 2, 2): 1444 4 4 -> 484
(38, 22, 10): 1444 484 100 -> 676
(38, 34, 10): 1444 1156 100 -> 900
(39, 21, 15): 1521 441 225 -> 729
(39, 39, 15): 1521 1521 225 -> 1089
(40, 8, 8): 1600 64 64 -> 576
(41, 13, 5): 1681 169 25 -> 625
(41, 29, 1): 1681 841 1 -> 841
(41, 29, 19): 1681 841 361 -> 961
(41, 31, 25): 1681 961 625 -> 1089
(41, 35, 19): 1681 1225 361 -> 1089
(41, 37, 25): 1681 1369 625 -> 1225
(42, 30, 6): 1764 900 36 -> 900
(43, 5, 1): 1849 25 1 -> 625
(43, 13, 13): 1849 169 169 -> 729
(43, 17, 7): 1849 289 49 -> 729
(43, 25, 7): 1849 625 49 -> 841
(43, 37, 7): 1849 1369 49 -> 1089
(44, 20, 4): 1936 400 16 -> 784
(44, 44, 4): 1936 1936 16 -> 1296
(45, 9, 9): 2025 81 81 -> 729
(46, 22, 10): 2116 484 100 -> 900
(46, 26, 26): 2116 676 676 -> 1156
(46, 34, 14): 2116 1156 196 -> 1156
(46, 46, 10): 2116 2116 100 -> 1444
(47, 17, 5): 2209 289 25 -> 841
(47, 23, 23): 2209 529 529 -> 1089
(47, 25, 7): 2209 625 49 -> 961
(47, 29, 25): 2209 841 625 -> 1225
(47, 37, 23): 2209 1369 529 -> 1369
(47, 43, 7): 2209 1849 49 -> 1369
(47, 47, 25): 2209 2209 625 -> 1681
(49, 11, 1): 2401 121 1 -> 841
(49, 19, 11): 2401 361 121 -> 961
(49, 29, 5): 2401 841 25 -> 1089
(49, 35, 7): 2401 1225 49 -> 1225
(49, 41, 5): 2401 1681 25 -> 1369
(49, 41, 31): 2401 1681 961 -> 1681
(50, 10, 10): 2500 100 100 -> 900
(50, 14, 2): 2500 196 4 -> 900
(50, 22, 22): 2500 484 484 -> 1156
(50, 34, 26): 2500 1156 676 -> 1444
(50, 46, 26): 2500 2116 676 -> 1764
(51, 21, 15): 2601 441 225 -> 1089
(51, 39, 21): 2601 1521 441 -> 1521
(52, 28, 20): 2704 784 400 -> 1296

(52, 52, 20): 2704 2704 400 -> 1936
(53, 7, 5): 2809 49 25 -> 961
(53, 17, 13): 2809 289 169 -> 1089
(53, 29, 5): 2809 841 25 -> 1225
(53, 35, 23): 2809 1225 529 -> 1521
(53, 37, 37): 2809 1369 1369 -> 1849
(53, 47, 5): 2809 2209 25 -> 1681
(53, 47, 23): 2809 2209 529 -> 1849
(55, 11, 11): 3025 121 121 -> 1089
(55, 19, 17): 3025 361 289 -> 1225
(55, 23, 11): 3025 529 121 -> 1225
(55, 25, 5): 3025 625 25 -> 1225
(55, 31, 11): 3025 961 121 -> 1369
(55, 37, 13): 3025 1369 169 -> 1521
(55, 41, 29): 3025 1681 841 -> 1849
(55, 41, 37): 3025 1681 1369 -> 2025
(55, 43, 13): 3025 1849 169 -> 1681
(55, 47, 29): 3025 2209 841 -> 2025
(55, 49, 11): 3025 2401 121 -> 1849
(55, 53, 37): 3025 2809 1369 -> 2401
(55, 55, 5): 3025 3025 25 -> 2025
(56, 40, 8): 3136 1600 64 -> 1600
(57, 3, 3): 3249 9 9 -> 1089
(57, 33, 15): 3249 1089 225 -> 1521
(57, 51, 15): 3249 2601 225 -> 2025
(58, 10, 2): 3364 100 4 -> 1156
(58, 22, 22): 3364 484 484 -> 1444
(58, 38, 22): 3364 1444 484 -> 1764
(58, 50, 22): 3364 2500 484 -> 2116
(59, 13, 5): 3481 169 25 -> 1225
(59, 25, 1): 3481 625 1 -> 1369
(59, 31, 11): 3481 961 121 -> 1521
(59, 35, 29): 3481 1225 841 -> 1849
(59, 37, 35): 3481 1369 1225 -> 2025
(59, 55, 11): 3481 3025 121 -> 2209
(59, 59, 29): 3481 3481 841 -> 2601
(60, 12, 12): 3600 144 144 -> 1296
(61, 19, 5): 3721 361 25 -> 1369
(61, 29, 1): 3721 841 1 -> 1521
(61, 31, 19): 3721 961 361 -> 1681
(61, 41, 35): 3721 1681 1225 -> 2209
(61, 49, 41): 3721 2401 1681 -> 2601
(61, 55, 41): 3721 3025 1681 -> 2809
(61, 59, 1): 3721 3481 1 -> 2401
(61, 59, 35): 3721 3481 1225 -> 2809
(61, 61, 19): 3721 3721 361 -> 2601
(62, 22, 2): 3844 484 4 -> 1444
(62, 38, 2): 3844 1444 4 -> 1764
(62, 50, 2): 3844 2500 4 -> 2116
(62, 50, 34): 3844 2500 1156 -> 2500
(63, 45, 9): 3969 2025 81 -> 2025
(65, 13, 13): 4225 169 169 -> 1521
(65, 17, 7): 4225 289 49 -> 1521
(65, 23, 17): 4225 529 289 -> 1681
(65, 31, 19): 4225 961 361 -> 1849
(65, 35, 25): 4225 1225 625 -> 2025
(65, 41, 13): 4225 1681 169 -> 2025
(65, 43, 1): 4225 1849 1 -> 2025
(65, 47, 37): 4225 2209 1369 -> 2601
(65, 49, 1): 4225 2401 1 -> 2209
(65, 53, 13): 4225 2809 169 -> 2401
(65, 59, 37): 4225 3481 1369 -> 3025
(65, 65, 25): 4225 4225 625 -> 3025
(66, 30, 6): 4356 900 36 -> 1764
(66, 66, 6): 4356 4356 36 -> 2916
(67, 7, 5): 4489 49 25 -> 1521
(67, 23, 5): 4489 529 25 -> 1681
(67, 23, 23): 4489 529 529 -> 1849
(67, 31, 25): 4489 961 625 -> 2025
(67, 35, 19): 4489 1225 361 -> 2025
(67, 43, 17): 4489 1849 289 -> 2209
(67, 55, 17): 4489 3025 289 -> 2601
(67, 65, 19): 4489 4225 361 -> 3025
(68, 28, 20): 4624 784 400 -> 1936
(68, 52, 28): 4624 2704 784 -> 2704
(69, 33, 15): 4761 1089 225 -> 2025
(69, 39, 39): 4761 1521 1521 -> 2601
(69, 51, 21): 4761 2601 441 -> 2601
(69, 69, 15): 4761 4761 225 -> 3249
(70, 14, 14): 4900 196 196 -> 1764
(70, 38, 2): 4900 1444 4 -> 2116
(70, 38, 34): 4900 1444 1156 -> 2500
(70, 46, 22): 4900 2116 484 -> 2500
(70, 50, 10): 4900 2500 100 -> 2500
(70, 58, 22): 4900 3364 484 -> 2916
(70, 62, 2): 4900 3844 4 -> 2916
(71, 1, 1): 5041 1 1 -> 1681
(71, 31, 25): 5041 961 625 -> 2209
(71, 35, 19): 5041 1225 361 -> 2209
(71, 49, 19): 5041 2401 361 -> 2601
(71, 53, 35): 5041 2809 1225 -> 3025
(71, 55, 19): 5041 3025 361 -> 2809
(71, 55, 41): 5041 3025 1681 -> 3249
(71, 59, 35): 5041 3481 1225 -> 3249
(71, 61, 41): 5041 3721 1681 -> 3481
(71, 61, 49): 5041 3721 2401 -> 3721
(71, 71, 19): 5041 5041 361 -> 3481
(73, 13, 7): 5329 169 49 -> 1849
(73, 25, 11): 5329 625 121 -> 2025
(73, 43, 5): 5329 1849 25 -> 2401
(73, 43, 25): 5329 1849 625 -> 2601
(73, 47, 47): 5329 2209 2209 -> 3249
(73, 53, 17): 5329 2809 289 -> 2809
(73, 55, 53): 5329 3025 2809 -> 3721
(73, 61, 5): 5329 3721 25 -> 3025
(73, 67, 25): 5329 4489 625 -> 3481
(73, 73, 53): 5329 5329 2809 -> 4489
(74, 26, 14): 5476 676 196 -> 2116
(74, 46, 34): 5476 2116 1156 -> 2916
(74, 50, 46): 5476 2500 2116 -> 3364
(74, 70, 34): 5476 4900 1156 -> 3844
(74, 74, 46): 5476 5476 2116 -> 4356
(75, 15, 15): 5625 225 225 -> 2025
(75, 21, 3): 5625 441 9 -> 2025
(75, 33, 33): 5625 1089 1089 -> 2601
(75, 51, 39): 5625 2601 1521 -> 3249
(75, 69, 39): 5625 4761 1521 -> 3969
(76, 4, 4): 5776 16 16 -> 1936
(76, 44, 20): 5776 1936 400 -> 2704
(76, 68, 20): 5776 4624 400 -> 3600
(77, 11, 5): 5929 121 25 -> 2025
(77, 23, 13): 5929 529 169 -> 2209
(77, 35, 7): 5929 1225 49 -> 2401
(77, 43, 5): 5929 1849 25 -> 2601
(77, 47, 17): 5929 2209 289 -> 2809
(77, 55, 11): 5929 3025 121 -> 3025
(77, 55, 47): 5929 3025 2209 -> 3721
(77, 61, 55): 5929 3721 3025 -> 4225
(77, 65, 17): 5929 4225 289 -> 3481
(77, 67, 5): 5929 4489 25 -> 3481
(77, 73, 47): 5929 5329 2209 -> 4489
(77, 73, 55): 5929 5329 3025 -> 4761
(77, 77, 7): 5929 5929 49 -> 3969
(78, 42, 30): 6084 1764 900 -> 2916
(78, 78, 30): 6084 6084 900 -> 4356
(79, 19, 5): 6241 361 25 -> 2209
(79, 29, 11): 6241 841 121 -> 2401
(79, 31, 1): 6241 961 1 -> 2401
(79, 35, 31): 6241 1225 961 -> 2809
(79, 47, 25): 6241 2209 625 -> 3025
(79, 53, 5): 6241 2809 25 -> 3025
(79, 59, 5): 6241 3481 25 -> 3249
(79, 65, 47): 6241 4225 2209 -> 4225
(79, 71, 25): 6241 5041 625 -> 3969
(80, 16, 16): 6400 256 256 -> 2304
(82, 26, 10): 6724 676 100 -> 2500
(82, 58, 2): 6724 3364 4 -> 3364
(82, 58, 38): 6724 3364 1444 -> 3844
(82, 62, 50): 6724 3844 2500 -> 4356
(82, 70, 38): 6724 4900 1444 -> 4356
(82, 74, 50): 6724 5476 2500 -> 4900
(83, 17, 5): 6889 289 25 -> 2401
(83, 25, 17): 6889 625 289 -> 2601
(83, 35, 31): 6889 1225 961 -> 3025
(83, 37, 13): 6889 1369 169 -> 2809
(83, 53, 7): 6889 2809 49 -> 3249
(83, 53, 47): 6889 2809 2209 -> 3969
(83, 55, 23): 6889 3025 529 -> 3481
(83, 65, 7): 6889 4225 49 -> 3721
(83, 67, 23): 6889 4489 529 -> 3969
(83, 83, 47): 6889 6889 2209 -> 5329
(84, 60, 12): 7056 3600 144 -> 3600
(85, 17, 17): 7225 289 289 -> 2601
(85, 23, 7): 7225 529 49 -> 2601
(85, 29, 19): 7225 841 361 -> 2809
(85, 35, 25): 7225 1225 625 -> 3025
(85, 41, 13): 7225 1681 169 -> 3025
(85, 41, 29): 7225 1681 841 -> 3249
(85, 43, 1): 7225 1849 1 -> 3025
(85, 43, 37): 7225 1849 1369 -> 3481
(85, 49, 11): 7225 2401 121 -> 3249
(85, 61, 31): 7225 3721 961 -> 3969
(85, 65, 35): 7225 4225 1225 -> 4225
(85, 67, 31): 7225 4489 961 -> 4225
(85, 71, 61): 7225 5041 3721 -> 5329
(85, 73, 11): 7225 5329 121 -> 4225
(85, 77, 61): 7225 5929 3721 -> 5625
(85, 79, 1): 7225 6241 1 -> 4489
(85, 83, 13): 7225 6889 169 -> 4761
(86, 10, 2): 7396 100 4 -> 2500
(86, 26, 26): 7396 676 676 -> 2916
(86, 34, 14): 7396 1156 196 -> 2916
(86, 50, 14): 7396 2500 196 -> 3364
(86, 74, 14): 7396 5476 196 -> 4356
(87, 15, 3): 7569 225 9 -> 2601
(87, 33, 33): 7569 1089 1089 -> 3249
(87, 57, 33): 7569 3249 1089 -> 3969
(87, 75, 33): 7569 5625 1089 -> 4761
(88, 40, 8): 7744 1600 64 -> 3136
(88, 88, 8): 7744 7744 64 -> 5184
(89, 25, 23): 7921 625 529 -> 3025
(89, 41, 29): 7921 1681 841 -> 3481
(89, 49, 11): 7921 2401 121 -> 3481
(89, 49, 29): 7921 2401 841 -> 3721
(89, 55, 31): 7921 3025 961 -> 3969
(89, 61, 59): 7921 3721 3481 -> 5041
(89, 65, 23): 7921 4225 529 -> 4225
(89, 71, 55): 7921 5041 3025 -> 5329
(89, 77, 55): 7921 5929 3025 -> 5625
(89, 79, 11): 7921 6241 121 -> 4761
(89, 79, 31): 7921 6241 961 -> 5041
(89, 85, 29): 7921 7225 841 -> 5329
(90, 18, 18): 8100 324 324 -> 2916
(91, 11, 5): 8281 121 25 -> 2809
(91, 25, 13): 8281 625 169 -> 3025
(91, 29, 25): 8281 841 625 -> 3249
(91, 49, 35): 8281 2401 1225 -> 3969
(91, 55, 37): 8281 3025 1369 -> 4225
(91, 65, 13): 8281 4225 169 -> 4225
(91, 65, 31): 8281 4225 961 -> 4489
(91, 65, 59): 8281 4225 3481 -> 5329
(91, 71, 31): 8281 5041 961 -> 4761
(91, 85, 37): 8281 7225 1369 -> 5625
(91, 89, 59): 8281 7921 3481 -> 6561
(91, 91, 35): 8281 8281 1225 -> 5929
(92, 44, 20): 8464 1936 400 -> 3600
(92, 52, 52): 8464 2704 2704 -> 4624
(92, 68, 28): 8464 4624 784 -> 4624
(92, 92, 20): 8464 8464 400 -> 5776
(93, 33, 3): 8649 1089 9 -> 3249
(93, 57, 3): 8649 3249 9 -> 3969
(93, 75, 3): 8649 5625 9 -> 4761
(93, 75, 51): 8649 5625 2601 -> 5625
(94, 34, 10): 8836 1156 100 -> 3364
(94, 46, 46): 8836 2116 2116 -> 4356
(94, 50, 14): 8836 2500 196 -> 3844
(94, 58, 50): 8836 3364 2500 -> 4900
(94, 74, 46): 8836 5476 2116 -> 5476
(94, 86, 14): 8836 7396 196 -> 5476
(94, 94, 50): 8836 8836 2500 -> 6724
(95, 5, 5): 9025 25 25 -> 3025
(95, 7, 1): 9025 49 1 -> 3025
(95, 19, 19): 9025 361 361 -> 3249
(95, 37, 7): 9025 1369 49 -> 3481
(95, 43, 17): 9025 1849 289 -> 3721
(95, 53, 29): 9025 2809 841 -> 4225
(95, 55, 25): 9025 3025 625 -> 4225
(95, 59, 13): 9025 3481 169 -> 4225
(95, 59, 31): 9025 3481 961 -> 4489
(95, 59, 59): 9025 3481 3481 -> 5329
(95, 71, 53): 9025 5041 2809 -> 5625
(95, 71, 61): 9025 5041 3721 -> 5929
(95, 73, 73): 9025 5329 5329 -> 6561
(95, 77, 13): 9025 5929 169 -> 5041
(95, 83, 31): 9025 6889 961 -> 5625
(95, 83, 53): 9025 6889 2809 -> 6241
(95, 85, 25): 9025 7225 625 -> 5625
(95, 89, 29): 9025 7921 841 -> 5929
(95, 89, 61): 9025 7921 3721 -> 6889
(97, 13, 13): 9409 169 169 -> 3249
(97, 17, 7): 9409 289 49 -> 3249
(97, 35, 23): 9409 1225 529 -> 3721
(97, 47, 17): 9409 2209 289 -> 3969
(97, 47, 43): 9409 2209 1849 -> 4489
(97, 55, 43): 9409 3025 1849 -> 4761
(97, 67, 35): 9409 4489 1225 -> 5041
(97, 77, 73): 9409 5929 5329 -> 6889
(97, 79, 35): 9409 6241 1225 -> 5625
(97, 85, 71): 9409 7225 5041 -> 7225
(97, 95, 17): 9409 9025 289 -> 6241
(97, 95, 73): 9409 9025 5329 -> 7921
(97, 97, 43): 9409 9409 1849 -> 6889
(98, 22, 2): 9604 484 4 -> 3364
(98, 38, 22): 9604 1444 484 -> 3844
(98, 58, 10): 9604 3364 100 -> 4356
(98, 70, 14): 9604 4900 196 -> 4900
(98, 82, 10): 9604 6724 100 -> 5476
(98, 82, 62): 9604 6724 3844 -> 6724
(99, 45, 9): 9801 2025 81 -> 3969
(99, 99, 9): 9801 9801 81 -> 6561
(100, 20, 20): 10000 400 400 -> 3600
(100, 28, 4): 10000 784 16 -> 3600
(100, 44, 44): 10000 1936 1936 -> 4624
(100, 68, 52): 10000 4624 2704 -> 5776
(100, 92, 52): 10000 8464 2704 -> 7056

