(3, 0): 6 0 -> 3
(8, 3): 36 6 -> 21
(10, 1): 55 1 -> 28
(11, 3): 66 6 -> 36
(15, 8): 120 36 -> 78
(17, 2): 153 3 -> 78
(20, 0): 210 0 -> 105
(23, 11): 276 66 -> 171
(24, 3): 300 6 -> 153
(24, 15): 300 120 -> 210
(25, 10): 325 55 -> 190
(31, 4): 496 10 -> 253
(34, 10): 595 55 -> 325
(35, 24): 630 300 -> 465
(36, 8): 666 36 -> 351
(38, 5): 741 15 -> 378
(39, 23): 780 276 -> 528
(42, 17): 903 153 -> 528
(44, 11): 990 66 -> 528
(45, 6): 1035 21 -> 528
(46, 25): 1081 325 -> 703
(48, 35): 1176 630 -> 903
(51, 3): 1326 6 -> 666
(52, 7): 1378 28 -> 703
(56, 20): 1596 210 -> 903
(57, 17): 1653 153 -> 903
(59, 8): 1770 36 -> 903
(59, 20): 1770 210 -> 990
(59, 24): 1770 300 -> 1035
(59, 39): 1770 780 -> 1275
(61, 1): 1891 1 -> 946
(63, 48): 2016 1176 -> 1596
(66, 9): 2211 45 -> 1128
(68, 3): 2346 6 -> 1176
(70, 34): 2485 595 -> 1540
(73, 10): 2701 55 -> 1378
(73, 46): 2701 1081 -> 1891
(75, 15): 2850 120 -> 1485
(76, 31): 2926 496 -> 1711
(77, 42): 3003 903 -> 1953
(80, 11): 3240 66 -> 1653
(80, 24): 3240 300 -> 1770
(80, 36): 3240 666 -> 1953
(80, 63): 3240 2016 -> 2628
(83, 59): 3486 1770 -> 2628
(87, 12): 3828 78 -> 1953
(93, 38): 4371 741 -> 2556
(94, 13): 4465 91 -> 2278
(95, 44): 4560 990 -> 2775
(96, 8): 4656 36 -> 2346
(99, 80): 4950 3240 -> 4095
(101, 14): 5151 105 -> 2628
(102, 2): 5253 3 -> 2628
(103, 31): 5356 496 -> 2926
(106, 73): 5671 2701 -> 4186
(108, 15): 5886 120 -> 3003
(108, 23): 5886 276 -> 3081
(108, 56): 5886 1596 -> 3741
(108, 59): 5886 1770 -> 3828
(109, 25): 5995 325 -> 3160
(110, 45): 6105 1035 -> 3570
(111, 83): 6216 3486 -> 4851
(115, 16): 6670 136 -> 3403
(116, 59): 6786 1770 -> 4278
(117, 57): 6903 1653 -> 4278
(118, 70): 7021 2485 -> 4753
(119, 0): 7140 0 -> 3570
(120, 99): 7260 4950 -> 6105
(122, 17): 7503 153 -> 3828
(122, 77): 7503 3003 -> 5253
(126, 38): 8001 741 -> 4371
(127, 52): 8128 1378 -> 4753
(128, 24): 8256 300 -> 4278
(129, 18): 8385 171 -> 4278
(131, 36): 8646 666 -> 4656
(133, 34): 8911 595 -> 4753
(135, 51): 9180 1326 -> 5253
(136, 19): 9316 190 -> 4753
(139, 76): 9730 2926 -> 6328
(140, 80): 9870 3240 -> 6555
(143, 3): 10296 6 -> 5151
(143, 20): 10296 210 -> 5253
(143, 111): 10296 6216 -> 8256
(143, 120): 10296 7260 -> 8778
(144, 11): 10440 66 -> 5253
(144, 59): 10440 1770 -> 6105
(145, 106): 10585 5671 -> 8128
(149, 45): 11175 1035 -> 6105
(150, 21): 11325 231 -> 5778
(154, 10): 11935 55 -> 5995
(155, 15): 12090 120 -> 6105
(156, 51): 12246 1326 -> 6786
(157, 22): 12403 253 -> 6328
(161, 66): 13041 2211 -> 7626
(164, 23): 13530 276 -> 6903
(164, 44): 13530 990 -> 7260
(164, 80): 13530 3240 -> 8385
(164, 95): 13530 4560 -> 9045
(168, 143): 14196 10296 -> 12246
(169, 61): 14365 1891 -> 8128
(170, 93): 14535 4371 -> 9453
(171, 24): 14706 300 -> 7503
(171, 75): 14706 2850 -> 8778
(171, 108): 14706 5886 -> 10296
(172, 52): 14878 1378 -> 8128
(176, 108): 15576 5886 -> 10731
(177, 122): 15753 7503 -> 11628
(178, 25): 15931 325 -> 8128
(178, 61): 15931 1891 -> 8911
(178, 73): 15931 2701 -> 9316
(178, 118): 15931 7021 -> 11476
(179, 143): 16110 10296 -> 13203
(182, 42): 16653 903 -> 8778
(183, 68): 16836 2346 -> 9591
(184, 4): 17020 10 -> 8515
(185, 26): 17205 351 -> 8778
(190, 145): 18145 10585 -> 14365
(191, 116): 18336 6786 -> 12561
(192, 27): 18528 378 -> 9453
(195, 35): 19110 630 -> 9870
(195, 59): 19110 1770 -> 10440
(195, 80): 19110 3240 -> 11175
(195, 168): 19110 14196 -> 16653
(197, 117): 19503 6903 -> 13203
(199, 28): 19900 406 -> 10153
(200, 39): 20100 780 -> 10440
(201, 110): 20301 6105 -> 13203
(204, 68): 20910 2346 -> 11628
(205, 10): 21115 55 -> 10585
(206, 29): 21321 435 -> 10878
(211, 103): 22366 5356 -> 13861
(212, 87): 22578 3828 -> 13203
(213, 30): 22791 465 -> 11628
(215, 8): 23220 36 -> 11628
(216, 140): 23436 9870 -> 16653
(218, 66): 23871 2211 -> 13041
(219, 179): 24090 16110 -> 20100
(220, 31): 24310 496 -> 12403
(220, 139): 24310 9730 -> 17020
(222, 57): 24753 1653 -> 13203
(224, 195): 25200 19110 -> 22155
(225, 5): 25425 15 -> 12720
(226, 46): 25651 1081 -> 13366
(227, 32): 25878 528 -> 13203
(228, 24): 26106 300 -> 13203
(229, 94): 26335 4465 -> 15400
(231, 56): 26796 1596 -> 14196
(232, 127): 27028 8128 -> 17578
(234, 33): 27495 561 -> 14028
(239, 59): 28680 1770 -> 15225
(241, 34): 29161 595 -> 14878
(241, 73): 29161 2701 -> 15931
(241, 109): 29161 5995 -> 17578
(241, 190): 29161 18145 -> 23653
(242, 177): 29403 15753 -> 22578
(243, 108): 29646 5886 -> 17766
(246, 101): 30381 5151 -> 17766
(248, 23): 30876 276 -> 15576
(248, 35): 30876 630 -> 15753
(248, 96): 30876 4656 -> 17766
(248, 171): 30876 14706 -> 22791
(250, 178): 31375 15931 -> 23653
(251, 164): 31626 13530 -> 22578
(255, 36): 32640 666 -> 16653
(255, 59): 32640 1770 -> 17205
(255, 135): 32640 9180 -> 20910
(255, 224): 32640 25200 -> 28920
(257, 17): 33153 153 -> 16653
(258, 126): 33411 8001 -> 20706
(260, 176): 33930 15576 -> 24753
(262, 37): 34453 703 -> 17578
(263, 11): 34716 66 -> 17391
(263, 108): 34716 5886 -> 20301
(263, 144): 34716 10440 -> 22578
(263, 219): 34716 24090 -> 29403
(264, 75): 34980 2850 -> 18915
(264, 80): 34980 3240 -> 19110
(266, 6): 35511 21 -> 17766
(269, 38): 36315 741 -> 18528
(269, 170): 36315 14535 -> 25425
(276, 39): 38226 780 -> 19503
(276, 48): 38226 1176 -> 19701
(276, 131): 38226 8646 -> 23436
(276, 164): 38226 13530 -> 25878
(280, 115): 39340 6670 -> 23005
(282, 102): 39903 5253 -> 22578
(283, 40): 40186 820 -> 20503
(284, 191): 40470 18336 -> 29403
(286, 133): 41041 8911 -> 24976
(287, 87): 41328 3828 -> 22578
(288, 255): 41616 32640 -> 37128
(289, 25): 41905 325 -> 21115
(290, 41): 42195 861 -> 21528
(294, 161): 43365 13041 -> 28203
(296, 128): 43956 8256 -> 26106
(297, 42): 44253 903 -> 22578
(297, 102): 44253 5253 -> 24753
(297, 122): 44253 7503 -> 25878
(297, 197): 44253 19503 -> 31878
(298, 241): 44551 29161 -> 36856
(299, 96): 44850 4656 -> 24753
(300, 3): 45150 6 -> 22578
(303, 171): 46056 14706 -> 30381
(304, 43): 46360 946 -> 23653
(305, 149): 46665 11175 -> 28920
(307, 7): 47278 28 -> 23653
(308, 216): 47586 23436 -> 35511
(310, 94): 48205 4465 -> 26335
(311, 44): 48516 990 -> 24753
(311, 80): 48516 3240 -> 25878
(311, 156): 48516 12246 -> 30381
(311, 263): 48516 34716 -> 41616
(314, 129): 49455 8385 -> 28920
(315, 35): 49770 630 -> 25200
(317, 242): 50403 29403 -> 39903
(318, 45): 50721 1035 -> 25878
(318, 201): 50721 20301 -> 35511
(319, 220): 51040 24310 -> 37675
(320, 59): 51360 1770 -> 26565
(323, 288): 52326 41616 -> 46971
(325, 46): 52975 1081 -> 27028
(325, 70): 52975 2485 -> 27730
(325, 169): 52975 14365 -> 33670
(325, 178): 52975 15931 -> 34453
(328, 76): 53956 2926 -> 28441
(331, 136): 54946 9316 -> 32131
(332, 47): 55278 1128 -> 28203
(333, 101): 55611 5151 -> 30381
(334, 250): 55945 31375 -> 43660
(336, 119): 56616 7140 -> 31878
(339, 20): 57630 210 -> 28920
(339, 48): 57630 1176 -> 29403
(339, 119): 57630 7140 -> 32385
(339, 248): 57630 30876 -> 44253
(342, 17): 58653 153 -> 29403
(346, 49): 60031 1225 -> 30628
(348, 8): 60726 36 -> 30381
(348, 143): 60726 10296 -> 35511
(348, 164): 60726 13530 -> 37128
(348, 183): 60726 16836 -> 38781
(349, 178): 61075 15931 -> 38503
(352, 172): 62128 14878 -> 38503
(353, 50): 62481 1275 -> 31878
(355, 211): 63190 22366 -> 42778
(356, 20): 63546 210 -> 31878
(356, 108): 63546 5886 -> 34716
(356, 195): 63546 19110 -> 41328
(356, 251): 63546 31626 -> 47586
(358, 1): 64261 1 -> 32131
(359, 80): 64620 3240 -> 33930
(360, 24): 64980 300 -> 32640
(360, 51): 64980 1326 -> 33153
(360, 260): 64980 33930 -> 49455
(360, 323): 64980 52326 -> 58653
(361, 298): 65341 44551 -> 54946
(363, 311): 66066 48516 -> 57291
(365, 150): 66795 11325 -> 39060
(367, 52): 67528 1378 -> 34453
(367, 232): 67528 27028 -> 47278
(371, 63): 69006 2016 -> 35511
(374, 53): 70125 1431 -> 35778
(375, 144): 70500 10440 -> 40470
(377, 77): 71253 3003 -> 37128
(379, 115): 72010 6670 -> 39340
(380, 39): 72390 780 -> 36585
(381, 54): 72771 1485 -> 37128
(382, 157): 73153 12403 -> 42778
(384, 108): 73920 5886 -> 39903
(385, 73): 74305 2701 -> 38503
(387, 212): 75078 22578 -> 48828
(388, 55): 75466 1540 -> 38503
(389, 9): 75855 45 -> 37950
(390, 269): 76245 36315 -> 56280
(394, 109): 77815 5995 -> 41905
(395, 56): 78210 1596 -> 39903
(395, 143): 78210 10296 -> 44253
(395, 155): 78210 12090 -> 45150
(395, 284): 78210 40470 -> 59340
(399, 3): 79800 6 -> 39903
(399, 164): 79800 13530 -> 46665
(399, 195): 79800 19110 -> 49455
(399, 360): 79800 64980 -> 72390
(400, 103): 80200 5356 -> 42778
(401, 93): 80601 4371 -> 42486
(402, 57): 81003 1653 -> 41328
(402, 122): 81003 7503 -> 44253
(402, 182): 81003 16653 -> 48828
(402, 317): 81003 50403 -> 65703
(404, 204): 81810 20910 -> 51360
(406, 154): 82621 11935 -> 47278
(409, 58): 83845 1711 -> 42778
(411, 255): 84666 32640 -> 58653
(416, 48): 86736 1176 -> 43956
(416, 59): 86736 1770 -> 44253
(416, 143): 86736 10296 -> 48516
(416, 171): 86736 14706 -> 50721
(416, 263): 86736 34716 -> 60726
(416, 276): 86736 38226 -> 62481
(416, 308): 86736 47586 -> 67161
(417, 297): 87153 44253 -> 65703
(418, 229): 87571 26335 -> 56953
(419, 363): 87990 66066 -> 77028
(421, 241): 88831 29161 -> 58996
(423, 60): 89676 1830 -> 45753
(425, 129): 90525 8385 -> 49455
(428, 243): 91806 29646 -> 60726
(430, 10): 92665 55 -> 46360
(430, 61): 92665 1891 -> 47278
(430, 334): 92665 55945 -> 74305
(430, 361): 92665 65341 -> 79003
(431, 95): 93096 4560 -> 48828
(433, 34): 93961 595 -> 47278
(433, 178): 93961 15931 -> 54946
(434, 258): 94395 33411 -> 63903
(436, 319): 95266 51040 -> 73153
(437, 62): 95703 1953 -> 48828
(440, 399): 97020 79800 -> 88410
(443, 128): 98346 8256 -> 53301
(444, 15): 98790 120 -> 49455
(444, 63): 98790 2016 -> 50403
(444, 144): 98790 10440 -> 54615
(444, 339): 98790 57630 -> 78210
(446, 218): 99681 23871 -> 61776
(448, 136): 100576 9316 -> 54946
(449, 246): 101025 30381 -> 65703
(450, 185): 101475 17205 -> 59340
(451, 64): 101926 2080 -> 52003
(455, 195): 103740 19110 -> 61425
(458, 65): 105111 2145 -> 53628
(459, 200): 105570 20100 -> 62835
(461, 318): 106491 50721 -> 78606
(463, 31): 107416 496 -> 53956
(464, 248): 107880 30876 -> 69378
(465, 66): 108345 2211 -> 55278
(465, 294): 108345 43365 -> 75855
(466, 46): 108811 1081 -> 54946
(467, 192): 109278 18528 -> 63903
(468, 83): 109746 3486 -> 56616
(469, 154): 110215 11935 -> 61075
(471, 11): 111156 66 -> 55611
(471, 143): 111156 10296 -> 60726
(471, 276): 111156 38226 -> 74691
(471, 303): 111156 46056 -> 78606
(472, 67): 111628 2278 -> 56953
(474, 110): 112575 6105 -> 59340
(476, 360): 113526 64980 -> 89253
(477, 222): 114003 24753 -> 69378
(479, 24): 114960 300 -> 57630
(479, 68): 114960 2346 -> 58653
(479, 356): 114960 63546 -> 89253
(479, 419): 114960 87990 -> 101475
(480, 80): 115440 3240 -> 59340
(480, 263): 115440 34716 -> 75078
(482, 42): 116403 903 -> 58653
(483, 440): 116886 97020 -> 106953
(484, 199): 117370 19900 -> 68635
(486, 69): 118341 2415 -> 60378
(488, 155): 119316 12090 -> 65703
(489, 126): 119805 8001 -> 63903
(491, 36): 120786 666 -> 60726
(493, 70): 121771 2485 -> 62128
(493, 133): 121771 8911 -> 65341
(493, 241): 121771 29161 -> 75466
(493, 286): 121771 41041 -> 81406
(494, 150): 122265 11325 -> 66795
(495, 131): 122760 8646 -> 65703
(497, 402): 123753 81003 -> 102378
(500, 71): 125250 2556 -> 63903
(501, 206): 125751 21321 -> 73536
(504, 231): 127260 26796 -> 77028
(505, 430): 127765 92665 -> 110215
(507, 72): 128778 2628 -> 65703
(508, 184): 129286 17020 -> 73153
(511, 280): 130816 39340 -> 85078
(512, 12): 131328 78 -> 65703
(513, 305): 131841 46665 -> 89253
(514, 73): 132355 2701 -> 67528
(514, 226): 132355 25651 -> 79003
(514, 325): 132355 52975 -> 92665
(515, 108): 132870 5886 -> 69378
(516, 311): 133386 48516 -> 90951
(517, 157): 133903 12403 -> 73153
(518, 213): 134421 22791 -> 78606
(519, 239): 134940 28680 -> 81810
(521, 74): 135981 2775 -> 69378
(524, 395): 137550 78210 -> 107880
(528, 75): 139656 2850 -> 71253
(528, 108): 139656 5886 -> 72771
(528, 296): 139656 43956 -> 91806
(528, 483): 139656 116886 -> 128271
(529, 325): 140185 52975 -> 96580
(531, 63): 141246 2016 -> 71631
(532, 367): 141778 67528 -> 104653
(533, 390): 142311 76245 -> 109278
(535, 76): 143380 2926 -> 73153
(535, 184): 143380 17020 -> 80200
(535, 220): 143380 24310 -> 83845
(535, 355): 143380 63190 -> 103285
(538, 430): 144991 92665 -> 118828
(540, 59): 146070 1770 -> 73920
(540, 164): 146070 13530 -> 79800
(540, 264): 146070 34980 -> 90525
(540, 416): 146070 86736 -> 116403
(542, 77): 147153 3003 -> 75078
(542, 117): 147153 6903 -> 77028
(542, 282): 147153 39903 -> 93528
(542, 297): 147153 44253 -> 95703
(543, 479): 147696 114960 -> 131328
(547, 127): 149878 8128 -> 79003
(548, 116): 150426 6786 -> 78606
(549, 78): 150975 3081 -> 77028
(550, 205): 151525 21115 -> 86320
(551, 264): 152076 34980 -> 93528
(552, 227): 152628 25878 -> 89253
(553, 13): 153181 91 -> 76636
(556, 79): 154846 3160 -> 79003
(557, 417): 155403 87153 -> 121278
(563, 8): 158766 36 -> 79401
(563, 80): 158766 3240 -> 81003
(563, 171): 158766 14706 -> 86736
(563, 255): 158766 32640 -> 95703
(563, 348): 158766 60726 -> 109746
(563, 356): 158766 63546 -> 111156
(563, 444): 158766 98790 -> 128778
(564, 135): 159330 9180 -> 84255
(566, 38): 160461 741 -> 80601
(569, 234): 162165 27495 -> 94830
(570, 81): 162735 3321 -> 83028
(571, 436): 163306 95266 -> 129286
(573, 314): 164451 49455 -> 106953
(574, 349): 165025 61075 -> 113050
(575, 528): 165600 139656 -> 152628
(576, 228): 166176 26106 -> 96141
(577, 82): 166753 3403 -> 85078
(578, 149): 167331 11175 -> 89253
(582, 297): 169653 44253 -> 106953
(584, 44): 170820 990 -> 85905
(584, 83): 170820 3486 -> 87153
(584, 215): 170820 23220 -> 97020
(584, 416): 170820 86736 -> 128778
(586, 106): 171991 5671 -> 88831
(586, 178): 171991 15931 -> 93961
(586, 241): 171991 29161 -> 100576
(586, 505): 171991 127765 -> 149878
(587, 287): 172578 41328 -> 106953
(591, 84): 174936 3570 -> 89253
(592, 352): 175528 62128 -> 118828
(594, 14): 176715 105 -> 88410
(596, 348): 177906 60726 -> 119316
(597, 2): 178503 3 -> 89253
(598, 85): 179101 3655 -> 91378
(600, 299): 180300 44850 -> 112575
(601, 118): 180901 7021 -> 93961
(602, 497): 181503 123753 -> 152628
(603, 99): 182106 4950 -> 93528
(603, 248): 182106 30876 -> 106491
(603, 411): 182106 84666 -> 133386
(603, 416): 182106 86736 -> 134421
(604, 331): 182710 54946 -> 118828
(605, 86): 183315 3741 -> 93528
(608, 476): 185136 113526 -> 149331
(609, 185): 185745 17205 -> 101475
(611, 543): 186966 147696 -> 167331
(612, 87): 187578 3828 -> 95703
(612, 387): 187578 75078 -> 131328
(613, 205): 188191 21115 -> 104653
(615, 164): 189420 13530 -> 101475
(616, 31): 190036 496 -> 95266
(619, 88): 191890 3916 -> 97903
(620, 144): 192510 10440 -> 101475
(620, 156): 192510 12246 -> 102378
(620, 255): 192510 32640 -> 112575
(620, 479): 192510 114960 -> 153735
(621, 225): 193131 25425 -> 109278
(624, 575): 195000 165600 -> 180300
(626, 89): 196251 4005 -> 100128
(630, 461): 198765 106491 -> 152628
(632, 192): 200028 18528 -> 109278
(633, 90): 200661 4095 -> 102378
(634, 310): 201295 48205 -> 124750
(635, 15): 201930 120 -> 101025
(635, 215): 201930 23220 -> 112575
(635, 248): 201930 30876 -> 116403
(635, 348): 201930 60726 -> 131328
(637, 262): 203203 34453 -> 118828
(639, 23): 204480 276 -> 102378
(640, 91): 205120 4186 -> 104653
(642, 122): 206403 7503 -> 106953
(644, 111): 207690 6216 -> 106953
(646, 25): 208981 325 -> 104653
(647, 92): 209628 4278 -> 106953
(648, 276): 210276 38226 -> 124251
(649, 421): 210925 88831 -> 149878
(651, 336): 212226 56616 -> 134421
(654, 93): 214185 4371 -> 109278
(654, 225): 214185 25425 -> 119805
(654, 269): 214185 36315 -> 125250
(654, 434): 214185 94395 -> 154290
(655, 199): 214840 19900 -> 117370
(657, 182): 216153 16653 -> 116403
(658, 538): 216811 144991 -> 180901
(659, 339): 217470 57630 -> 137550
(660, 80): 218130 3240 -> 110685
(661, 94): 218791 4465 -> 111628
(661, 418): 218791 87571 -> 153181
(663, 428): 220116 91806 -> 155961
(666, 365): 222111 66795 -> 144453
(667, 172): 222778 14878 -> 118828
(668, 95): 223446 4560 -> 114003
(668, 195): 223446 19110 -> 121278
(668, 311): 223446 48516 -> 135981
(668, 404): 223446 81810 -> 152628
(669, 45): 224115 1035 -> 112575
(671, 56): 225456 1596 -> 113526
(671, 276): 225456 38226 -> 131841
(671, 399): 225456 79800 -> 152628
(671, 524): 225456 137550 -> 181503
(673, 586): 226801 171991 -> 199396
(674, 465): 227475 108345 -> 167910
(675, 59): 228150 1770 -> 114960
(675, 96): 228150 4656 -> 116403
(675, 471): 228150 111156 -> 169653
(675, 624): 228150 195000 -> 211575
(676, 16): 228826 136 -> 114481
(677, 257): 229503 33153 -> 131328
(678, 206): 230181 21321 -> 125751
(679, 139): 230860 9730 -> 120295
(680, 540): 231540 146070 -> 188805
(681, 333): 232221 55611 -> 143916
(682, 97): 232903 4753 -> 118828
(683, 611): 233586 186966 -> 210276
(685, 73): 234955 2701 -> 118828
(688, 283): 237016 40186 -> 138601
(689, 98): 237705 4851 -> 121278
(693, 161): 240471 13041 -> 126756
(694, 169): 241165 14365 -> 127765
(696, 0): 242556 0 -> 121278
(696, 99): 242556 4950 -> 123753
(696, 200): 242556 20100 -> 131328
(696, 563): 242556 158766 -> 200661
(697, 382): 243253 73153 -> 158203
(698, 533): 243951 142311 -> 193131
(699, 140): 244650 9870 -> 127260
(701, 213): 246051 22791 -> 134421
(702, 402): 246753 81003 -> 163878
(703, 100): 247456 5050 -> 126253
(704, 375): 248160 70500 -> 159330
(705, 290): 248865 42195 -> 145530
(710, 101): 252405 5151 -> 128778
(710, 449): 252405 101025 -> 176715
(711, 263): 253116 34716 -> 143916
(716, 471): 256686 111156 -> 183921
(717, 17): 257403 153 -> 128778
(717, 102): 257403 5253 -> 131328
(717, 557): 257403 155403 -> 206403
(717, 602): 257403 181503 -> 219453
(718, 178): 258121 15931 -> 137026
(719, 59): 258840 1770 -> 130305
(722, 57): 261003 1653 -> 131328
(722, 297): 261003 44253 -> 152628
(723, 228): 261726 26106 -> 143916
(724, 103): 262450 5356 -> 133903
(724, 220): 262450 24310 -> 143380
(724, 328): 262450 53956 -> 158203
(724, 571): 262450 163306 -> 212878
(727, 532): 264628 141778 -> 203203
(728, 83): 265356 3486 -> 134421
(728, 356): 265356 63546 -> 164451
(728, 399): 265356 79800 -> 172578
(728, 675): 265356 228150 -> 246753
(730, 325): 266815 52975 -> 159895
(731, 104): 267546 5460 -> 136503
(734, 266): 269745 35511 -> 152628
(735, 395): 270480 78210 -> 174345
(738, 105): 272691 5565 -> 139128
(739, 304): 273430 46360 -> 159895
(740, 120): 274170 7260 -> 140715
(743, 320): 276396 51360 -> 163878
(744, 464): 277140 107880 -> 192510
(745, 70): 277885 2485 -> 140185
(745, 106): 277885 5671 -> 141778
(745, 289): 277885 41905 -> 159895
(745, 514): 277885 132355 -> 205120
(747, 227): 279378 25878 -> 152628
(750, 446): 281625 99681 -> 190653
(751, 535): 282376 143380 -> 212878
(752, 107): 283128 5778 -> 144453
(753, 38): 283881 741 -> 142311
(754, 493): 284635 121771 -> 203203
(755, 24): 285390 300 -> 142845
(756, 171): 286146 14706 -> 150426
(756, 195): 286146 19110 -> 152628
(756, 311): 286146 48516 -> 167331
(756, 608): 286146 185136 -> 235641
(758, 18): 287661 171 -> 143916
(759, 108): 288420 5886 -> 147153
(759, 164): 288420 13530 -> 150975
(759, 183): 288420 16836 -> 152628
(759, 395): 288420 78210 -> 183315
(759, 416): 288420 86736 -> 187578
(759, 480): 288420 115440 -> 201930
(759, 683): 288420 233586 -> 261003
(766, 109): 293761 5995 -> 149878
(766, 178): 293761 15931 -> 154846
(766, 406): 293761 82621 -> 188191
(766, 673): 293761 226801 -> 260281
(770, 234): 296835 27495 -> 162165
(771, 516): 297606 133386 -> 215496
(772, 52): 298378 1378 -> 149878
(773, 110): 299151 6105 -> 152628
(773, 266): 299151 35511 -> 167331
(773, 318): 299151 50721 -> 174936
(773, 513): 299151 131841 -> 215496
(775, 379): 300700 72010 -> 186355
(776, 248): 301476 30876 -> 166176
(777, 77): 302253 3003 -> 152628
(779, 620): 303810 192510 -> 248160
(780, 36): 304590 666 -> 152628
(780, 111): 304590 6216 -> 155403
(780, 263): 304590 34716 -> 169653
(780, 584): 304590 170820 -> 237705
(781, 529): 305371 140185 -> 222778
(782, 257): 306153 33153 -> 169653
(783, 728): 306936 265356 -> 286146
(787, 112): 310078 6328 -> 158203
(790, 34): 312445 595 -> 156520
(790, 325): 312445 52975 -> 182710
(790, 433): 312445 93961 -> 203203
(790, 658): 312445 216811 -> 264628
(791, 315): 313236 49770 -> 181503
(793, 226): 314821 25651 -> 170236
(793, 241): 314821 29161 -> 171991
(794, 113): 315615 6441 -> 161028
(799, 19): 319600 190 -> 159895
(800, 359): 320400 64620 -> 192510
(801, 114): 321201 6555 -> 163878
(803, 99): 322806 4950 -> 163878
(804, 384): 323610 73920 -> 198765
(807, 332): 326028 55278 -> 190653
(808, 115): 326836 6670 -> 166753
(808, 511): 326836 130816 -> 228826
(815, 116): 332520 6786 -> 169653
(815, 204): 332520 20910 -> 176715
(815, 416): 332520 86736 -> 209628
(815, 455): 332520 103740 -> 218130
(816, 51): 333336 1326 -> 167331
(816, 248): 333336 30876 -> 182106
(816, 459): 333336 105570 -> 219453
(816, 563): 333336 158766 -> 246051
(821, 450): 337431 101475 -> 219453
(822, 117): 338253 6903 -> 172578
(822, 222): 338253 24753 -> 181503
(822, 402): 338253 81003 -> 209628
(822, 477): 338253 114003 -> 226128
(824, 164): 339900 13530 -> 176715
(824, 339): 339900 57630 -> 198765
(824, 528): 339900 139656 -> 239778
(824, 603): 339900 182106 -> 261003
(825, 630): 340725 198765 -> 269745
(828, 563): 343206 158766 -> 250986
(829, 118): 344035 7021 -> 175528
(829, 145): 344035 10585 -> 177310
(829, 394): 344035 77815 -> 210925
(829, 493): 344035 121771 -> 232903
(830, 170): 344865 14535 -> 179700
(831, 603): 345696 182106 -> 263901
(836, 3): 349866 6 -> 174936
(836, 119): 349866 7140 -> 178503
(836, 671): 349866 225456 -> 287661
(836, 680): 349866 231540 -> 290703
(839, 195): 352380 19110 -> 185745
(839, 255): 352380 32640 -> 192510
(839, 300): 352380 45150 -> 198765
(839, 759): 352380 288420 -> 320400
(840, 20): 353220 210 -> 176715
(840, 783): 353220 306936 -> 330078
(841, 346): 354061 60031 -> 207046
(842, 717): 354903 257403 -> 306153
(843, 11): 355746 66 -> 177906
(843, 120): 355746 7260 -> 181503
(843, 231): 355746 26796 -> 191271
(843, 696): 355746 242556 -> 299151
(845, 218): 357435 23871 -> 190653
(847, 307): 359128 47278 -> 203203
(848, 143): 359976 10296 -> 185136
(850, 121): 361675 7381 -> 184528
(852, 467): 363378 109278 -> 236328
(853, 574): 364231 165025 -> 264628
(857, 122): 367653 7503 -> 187578
(857, 377): 367653 71253 -> 219453
(857, 542): 367653 147153 -> 257403
(858, 353): 368511 62481 -> 215496
(859, 400): 369370 80200 -> 224785
(860, 300): 370230 45150 -> 207690
(862, 262): 371953 34453 -> 203203
(864, 123): 373680 7626 -> 190653
(865, 766): 374545 293761 -> 334153
(868, 76): 377146 2926 -> 190036
(869, 425): 378015 90525 -> 234270
(871, 124): 379756 7750 -> 193753
(875, 59): 383250 1770 -> 192510
(875, 360): 383250 64980 -> 224115
(875, 371): 383250 69006 -> 226128
(875, 504): 383250 127260 -> 255255
(876, 239): 384126 28680 -> 206403
(878, 125): 385881 7875 -> 196878
(879, 80): 386760 3240 -> 195000
(881, 21): 388521 231 -> 194376
(882, 542): 389403 147153 -> 268278
(883, 484): 390286 117370 -> 253828
(885, 126): 392055 8001 -> 200028
(885, 269): 392055 36315 -> 214185
(885, 401): 392055 80601 -> 236328
(885, 698): 392055 243951 -> 318003
(887, 612): 393828 187578 -> 290703
(888, 444): 394716 98790 -> 246753
(889, 385): 395605 74305 -> 234955
(890, 45): 396495 1035 -> 198765
(891, 143): 397386 10296 -> 203841
(892, 127): 398278 8128 -> 203203
(892, 307): 398278 47278 -> 222778
(892, 367): 398278 67528 -> 232903
(892, 592): 398278 175528 -> 286903
(895, 724): 400960 262450 -> 331705
(897, 717): 402753 257403 -> 330078
(898, 289): 403651 41905 -> 222778
(899, 128): 404550 8256 -> 206403
(899, 171): 404550 14706 -> 209628
(899, 519): 404550 134940 -> 269745
(899, 840): 404550 353220 -> 378885
(900, 339): 405450 57630 -> 231540
(901, 10): 406351 55 -> 203203
(906, 129): 410871 8385 -> 209628
(906, 573): 410871 164451 -> 287661
(908, 15): 412686 120 -> 206403
(908, 276): 412686 38226 -> 225456
(908, 540): 412686 146070 -> 279378
(908, 596): 412686 177906 -> 295296
(909, 374): 413595 70125 -> 241860
(910, 514): 414505 132355 -> 273430
(911, 176): 415416 15576 -> 215496
(912, 212): 416328 22578 -> 219453
(913, 130): 417241 8515 -> 212878
(914, 501): 418155 125751 -> 271953
(915, 675): 419070 228150 -> 323610
(916, 448): 419986 100576 -> 260281
(917, 342): 420903 58653 -> 239778
(918, 654): 421821 214185 -> 318003
(920, 131): 423660 8646 -> 216153
(920, 255): 423660 32640 -> 228150
(920, 443): 423660 98346 -> 261003
(920, 756): 423660 286146 -> 354903
(921, 674): 424581 227475 -> 326028
(922, 22): 425503 253 -> 212878
(923, 839): 426426 352380 -> 389403
(925, 649): 428275 210925 -> 319600
(926, 381): 429201 72771 -> 250986
(927, 132): 430128 8778 -> 219453
(931, 283): 433846 40186 -> 237016
(934, 133): 436645 8911 -> 222778
(934, 241): 436645 29161 -> 232903
(934, 469): 436645 110215 -> 273430
(934, 790): 436645 312445 -> 374545
(935, 51): 437580 1326 -> 219453
(936, 551): 438516 152076 -> 295296
(939, 276): 441330 38226 -> 239778
(941, 134): 443211 9045 -> 226128
(943, 388): 445096 75466 -> 260281
(944, 111): 446040 6216 -> 226128
(945, 518): 446985 134421 -> 290703
(946, 106): 447931 5671 -> 226801
(948, 135): 449826 9180 -> 229503
(948, 356): 449826 63546 -> 256686
(948, 360): 449826 64980 -> 257403
(948, 663): 449826 220116 -> 334971
(952, 727): 453628 264628 -> 359128
(954, 290): 455535 42195 -> 248865
(955, 136): 456490 9316 -> 232903
(955, 604): 456490 182710 -> 319600
(956, 779): 457446 303810 -> 380628
(957, 582): 458403 169653 -> 314028
(958, 661): 459361 218791 -> 339076
(960, 120): 461280 7260 -> 234270
(960, 348): 461280 60726 -> 261003
(960, 395): 461280 78210 -> 269745
(960, 899): 461280 404550 -> 432915
(961, 178): 462241 15931 -> 239086
(962, 137): 463203 9453 -> 236328
(963, 23): 464166 276 -> 232221
(963, 380): 464166 72390 -> 268278
(963, 431): 464166 93096 -> 278631
(963, 471): 464166 111156 -> 287661
(969, 138): 469965 9591 -> 239778
(970, 865): 470935 374545 -> 422740
(975, 44): 475800 990 -> 238395
(976, 139): 476776 9730 -> 243253
(976, 211): 476776 22366 -> 249571
(976, 508): 476776 129286 -> 303031
(976, 535): 476776 143380 -> 310078
(977, 177): 477753 15753 -> 246753
(977, 297): 477753 44253 -> 261003
(977, 402): 477753 81003 -> 279378
(977, 842): 477753 354903 -> 416328
(978, 66): 478731 2211 -> 240471
(981, 201): 481671 20301 -> 250986
(983, 140): 483636 9870 -> 246753
(983, 191): 483636 18336 -> 250986
(983, 488): 483636 119316 -> 301476
(983, 563): 483636 158766 -> 321201
(985, 229): 485605 26335 -> 255970
(987, 587): 487578 172578 -> 330078
(990, 141): 490545 10011 -> 250278
(994, 409): 494515 83845 -> 289180
(996, 668): 496506 223446 -> 359976
(997, 142): 497503 10153 -> 253828
(999, 600): 499500 180300 -> 339900
